1 10000 0 10000
2 10000 0 19000
3 10000 1 27995
4 10000 19 36975
5 10000 120 45866
6 10000 426 54558
7 10000 1197 62779
8 10000 2628 70340
9 10000 4916 77050
10 10000 8194 82768
11 10000 8237 82681
12 10000 8152 82760
13 10000 8075 82825
14 10000 8153 82759
15 10000 8153 82771
16 10000 8093 82825
17 10000 8219 82699
18 10000 8235 82681
19 10000 8184 82722
20 10000 8211 82699
21 10000 8088 82820
22 10000 8068 82828
23 10000 8156 82756
24 10000 8132 82796
25 10000 8173 82757
26 10000 8179 82739
27 10000 8077 82861
28 10000 8047 82881
29 10000 8094 82840
30 10000 8037 82881
31 10000 8026 82902
32 10000 8068 82860
33 10000 8133 82793
34 10000 8161 82777
35 10000 8152 82772
36 10000 8232 82692
37 10000 8167 82733
38 10000 8139 82763
39 10000 8123 82787
40 10000 8100 82818
41 10000 8036 82878
42 10000 7904 82984
43 10000 7995 82913
44 10000 7970 82952
45 10000 8011 82901
46 10000 8001 82903
47 10000 8010 82904
48 10000 8070 82834
49 10000 8125 82815
50 10000 8107 82819
51 10000 8147 82773
52 10000 8139 82791
53 10000 8062 82872
54 10000 8131 82787
55 10000 8163 82767
56 10000 8292 82626
57 10000 8294 82634
58 10000 8359 82569
59 10000 8281 82639
60 10000 8278 82638
61 10000 8254 82668
62 10000 8130 82782
63 10000 8036 82896
64 10000 8152 82762
65 10000 8053 82883
66 10000 8021 82917
67 10000 8087 82827
68 10000 8047 82879
69 10000 8079 82857
70 10000 8071 82845
71 10000 8147 82795
72 10000 8159 82769
73 10000 8151 82761
74 10000 8028 82892
75 10000 7997 82923
76 10000 8049 82877
77 10000 8008 82896
78 10000 8021 82877
79 10000 8019 82877
80 10000 8058 82848
81 10000 8091 82817
82 10000 8033 82871
83 10000 8078 82834
84 10000 8021 82877
85 10000 8049 82861
86 10000 8043 82877
87 10000 8038 82886
88 10000 8036 82882
89 10000 8066 82840
90 10000 8153 82755
91 10000 8208 82684
92 10000 8343 82575
93 10000 8224 82682
94 10000 8216 82714
95 10000 8252 82676
96 10000 8162 82762
97 10000 8144 82768
98 10000 8118 82794
99 10000 8158 82758
100 10000 8142 82768
