1 10000 0 0 0
2 9000 0 0 0
3 8995 0 1 0
4 8980 0 18 0
5 8891 0 101 0
6 8692 0 306 0
7 8221 0 771 0
8 7561 0 1431 0
9 6710 0 2288 0
10 5718 0 3278 0
11 4553 9030 4433 0
12 4659 9000 4335 0
13 4686 9002 4304 0
14 4637 8977 4355 3
15 4656 8949 4336 31
16 4676 8921 4322 83
17 4567 8814 4429 182
18 4561 8644 4421 340
19 4706 8583 4290 423
20 4594 8549 4400 441
21 4640 8692 4348 298
22 4568 8747 4426 259
23 4529 8705 4467 275
24 4656 8732 4342 250
25 4630 8728 4360 260
26 4648 8724 4344 280
27 4697 8698 4297 276
28 4671 8685 4321 317
29 4649 8685 4347 305
30 4660 8722 4332 286
31 4698 8692 4294 290
32 4687 8684 4301 304
33 4649 8715 4349 285
34 4707 8717 4289 267
35 4686 8751 4312 261
36 4640 8753 4352 239
37 4664 8666 4322 344
38 4626 8688 4360 296
39 4717 8684 4275 300
40 4671 8697 4321 287
41 4643 8661 4349 335
42 4725 8692 4265 324
43 4614 8688 4380 286
44 4599 8698 4397 284
45 4641 8720 4349 280
46 4659 8714 4325 278
47 4609 8713 4383 269
48 4656 8735 4334 265
49 4701 8671 4299 293
50 4631 8731 4367 281
51 4636 8719 4356 279
52 4636 8680 4356 302
53 4665 8680 4331 312
54 4544 8705 4446 301
55 4622 8711 4372 271
56 4545 8699 4445 303
57 4613 8721 4377 259
58 4595 8666 4399 328
59 4682 8736 4318 272
60 4708 8725 4288 275
61 4670 8675 4318 307
62 4713 8672 4275 326
63 4652 8671 4336 297
64 4618 8711 4382 307
65 4754 8631 4242 343
66 4680 8703 4314 289
67 4666 8740 4324 274
68 4745 8695 4253 291
69 4675 8743 4321 243
70 4662 8731 4326 277
71 4640 8708 4354 260
72 4635 8731 4359 277
73 4633 8714 4357 292
74 4702 8670 4294 318
75 4734 8717 4254 271
76 4708 8687 4284 299
77 4676 8711 4310 297
78 4650 8700 4340 296
79 4632 8692 4364 306
80 4636 8698 4358 286
81 4658 8675 4330 311
82 4621 8686 4373 312
83 4650 8723 4342 261
84 4705 8750 4287 256
85 4651 8676 4343 306
86 4679 8692 4309 286
87 4675 8696 4313 288
88 4646 8708 4346 290
89 4665 8720 4325 282
90 4610 8684 4376 300
91 4645 8739 4347 269
92 4581 8691 4415 279
93 4686 8707 4306 297
94 4651 8687 4343 283
95 4616 8699 4374 293
96 4692 8680 4302 318
97 4591 8715 4395 283
98 4652 8651 4346 347
99 4624 8695 4368 293
100 4600 8702 4392 296
