1 10000 0 10000
2 10000 0 17000
3 10000 4 23994
4 10000 12 30984
5 10000 42 37954
6 10000 137 44851
7 10000 346 51642
8 10000 708 58272
9 10000 1434 64540
10 10000 2580 70390
11 10000 2483 70079
12 10000 2530 70042
13 10000 2485 70011
14 10000 2465 70049
15 10000 2471 70105
16 10000 2488 70060
17 10000 2536 70012
18 10000 2546 70020
19 10000 2527 70009
20 10000 2470 70080
21 10000 2483 70041
22 10000 2481 70033
23 10000 2486 70062
24 10000 2444 70100
25 10000 2482 70068
26 10000 2439 70085
27 10000 2443 70063
28 10000 2483 70041
29 10000 2483 70049
30 10000 2493 70079
31 10000 2529 70033
32 10000 2575 69991
33 10000 2585 69927
34 10000 2511 69981
35 10000 2528 70008
36 10000 2512 70034
37 10000 2485 70033
38 10000 2463 70061
39 10000 2525 70047
40 10000 2506 70006
41 10000 2527 70003
42 10000 2460 70116
43 10000 2487 70081
44 10000 2400 70116
45 10000 2406 70122
46 10000 2411 70135
47 10000 2458 70100
48 10000 2545 69991
49 10000 2507 70087
50 10000 2520 70042
51 10000 2511 70005
52 10000 2446 70060
53 10000 2504 70064
54 10000 2396 70164
55 10000 2421 70091
56 10000 2406 70132
57 10000 2406 70160
58 10000 2478 70048
59 10000 2480 70024
60 10000 2537 70007
61 10000 2507 70031
62 10000 2540 70014
63 10000 2506 70038
64 10000 2500 70052
65 10000 2463 70033
66 10000 2467 70083
67 10000 2414 70104
68 10000 2422 70128
69 10000 2410 70118
70 10000 2386 70182
71 10000 2394 70104
72 10000 2342 70216
73 10000 2409 70147
74 10000 2512 70028
75 10000 2541 69979
76 10000 2440 70122
77 10000 2444 70106
78 10000 2497 70031
79 10000 2564 69938
80 10000 2523 70001
81 10000 2525 70019
82 10000 2499 70007
83 10000 2533 69979
84 10000 2527 69981
85 10000 2499 70043
86 10000 2533 70007
87 10000 2563 69963
88 10000 2542 69984
89 10000 2535 70005
90 10000 2567 69969
91 10000 2531 69999
92 10000 2460 70120
93 10000 2421 70143
94 10000 2428 70148
95 10000 2421 70111
96 10000 2506 70052
97 10000 2504 69998
98 10000 2474 70042
99 10000 2490 70042
100 10000 2431 70105
