1 10000 0 0 0
2 7000 0 0 0
3 6994 0 4 0
4 6990 0 8 0
5 6970 0 30 0
6 6897 0 95 0
7 6791 0 209 0
8 6630 0 362 0
9 6268 0 726 0
10 5850 0 1146 0
11 5303 7406 1695 0
12 5329 6990 1671 0
13 5354 7074 1644 0
14 5352 6975 1642 1
15 5376 6929 1622 7
16 5308 7005 1688 19
17 5329 6980 1671 20
18 5322 6950 1670 24
19 5305 6980 1691 46
20 5373 6912 1619 66
21 5302 6980 1696 44
22 5351 6955 1645 51
23 5330 6926 1662 32
24 5335 6955 1661 45
25 5363 6948 1629 38
26 5365 6970 1631 52
27 5310 6961 1686 53
28 5277 6930 1721 50
29 5294 6947 1698 37
30 5341 6918 1655 38
31 5317 6969 1679 37
32 5294 6951 1704 43
33 5357 7013 1637 35
34 5377 6971 1619 45
35 5330 6905 1660 41
36 5366 6942 1630 44
37 5318 6979 1676 43
38 5403 6935 1595 57
39 5341 6894 1651 50
40 5322 7022 1672 32
41 5341 6931 1657 49
42 5450 6915 1544 33
43 5279 6969 1719 37
44 5409 7010 1589 40
45 5409 6946 1585 36
46 5335 6924 1659 52
47 5288 6939 1706 43
48 5275 6969 1721 49
49 5392 6901 1600 33
50 5357 6993 1643 39
51 5340 6990 1650 46
52 5396 6977 1602 31
53 5292 6896 1704 38
54 5408 6957 1584 43
55 5308 7007 1684 33
56 5337 6928 1657 40
57 5360 6924 1634 42
58 5345 6998 1651 38
59 5363 6970 1637 52
60 5352 6922 1640 30
61 5338 6969 1662 37
62 5324 6942 1674 40
63 5369 6962 1625 42
64 5350 6953 1646 35
65 5337 7006 1653 40
66 5376 6890 1620 52
67 5423 6981 1567 41
68 5401 6919 1595 45
69 5368 6986 1628 32
70 5370 6903 1618 45
71 5323 7017 1673 49
72 5386 6894 1612 44
73 5351 6953 1641 41
74 5349 6965 1641 41
75 5332 6975 1666 43
76 5426 6920 1572 36
77 5344 6976 1652 32
78 5302 6987 1694 31
79 5314 6989 1680 31
80 5399 6915 1593 55
81 5375 6919 1623 59
82 5375 6984 1623 52
83 5355 6940 1639 48
84 5356 6947 1640 53
85 5375 6913 1615 43
86 5341 6972 1659 30
87 5300 6965 1696 45
88 5348 6952 1648 44
89 5332 6930 1662 50
90 5351 6948 1643 50
91 5384 6964 1616 42
92 5418 6895 1574 47
93 5331 6970 1667 44
94 5342 6936 1654 48
95 5365 6991 1633 51
96 5371 6933 1629 41
97 5357 7008 1637 42
98 5394 6946 1602 36
99 5313 6932 1683 48
100 5332 6947 1666 47
