1 10000 0 5000
2 10000 1 7499
3 10000 6 9994
4 10000 19 12481
5 10000 46 14954
6 10000 98 17400
7 10000 206 19792
8 10000 373 22123
9 10000 606 24390
10 10000 921 26575
11 10000 876 26108
12 10000 893 25989
13 10000 897 25961
14 10000 907 25949
15 10000 855 25985
16 10000 889 26015
17 10000 853 26019
18 10000 869 25975
19 10000 872 25954
20 10000 869 25977
21 10000 874 25988
22 10000 875 25997
23 10000 810 26002
24 10000 858 25986
25 10000 834 26038
26 10000 837 25995
27 10000 833 26027
28 10000 861 26007
29 10000 835 25993
30 10000 822 26030
31 10000 851 25987
32 10000 869 25957
33 10000 876 26004
34 10000 885 25977
35 10000 868 26006
36 10000 860 25956
37 10000 810 26044
38 10000 827 26043
39 10000 831 26011
40 10000 845 26017
41 10000 818 26058
42 10000 844 26012
43 10000 866 25998
44 10000 861 25931
45 10000 866 26028
46 10000 847 25969
47 10000 870 25960
48 10000 832 26014
49 10000 823 26011
50 10000 827 26043
51 10000 824 26010
52 10000 802 26068
53 10000 812 26016
54 10000 791 26059
55 10000 822 26038
56 10000 843 26013
57 10000 852 26010
58 10000 854 26022
59 10000 864 25998
60 10000 827 26027
61 10000 859 25959
62 10000 854 25982
63 10000 881 25997
64 10000 843 25991
65 10000 851 25965
66 10000 874 25984
67 10000 883 25951
68 10000 885 25965
69 10000 847 25997
70 10000 853 25969
71 10000 876 25954
72 10000 890 25966
73 10000 884 25984
74 10000 882 25968
75 10000 851 26015
76 10000 855 25999
77 10000 838 26036
78 10000 848 26006
79 10000 810 26030
80 10000 831 26039
81 10000 838 25980
82 10000 825 26039
83 10000 859 25981
84 10000 818 26034
85 10000 829 26071
86 10000 811 26069
87 10000 839 26005
88 10000 877 25951
89 10000 857 25981
90 10000 852 25982
91 10000 880 25966
92 10000 827 26045
93 10000 823 26023
94 10000 829 26017
95 10000 812 26036
96 10000 804 26040
97 10000 808 26042
98 10000 834 26024
99 10000 889 25957
100 10000 848 25990
