1 5000 0 0 0
2 2499 0 1 0
3 2495 0 5 0
4 2487 0 13 0
5 2473 0 27 0
6 2446 0 52 0
7 2392 0 108 0
8 2331 0 167 0
9 2267 0 233 0
10 2185 0 315 0
11 2072 3012 428 0
12 2072 2602 428 0
13 2096 2522 404 2
14 2126 2502 374 0
15 2141 2514 359 2
16 2087 2430 413 6
17 2140 2522 360 10
18 2119 2520 381 8
19 2121 2507 379 11
20 2116 2462 384 18
21 2101 2474 397 8
22 2127 2482 373 8
23 2145 2547 353 11
24 2096 2462 404 6
25 2130 2464 370 8
26 2120 2526 380 14
27 2147 2463 353 9
28 2086 2482 414 10
29 2119 2531 381 9
30 2135 2466 365 10
31 2078 2498 422 16
32 2100 2501 398 9
33 2110 2428 390 18
34 2080 2504 420 14
35 2127 2481 373 7
36 2123 2551 377 7
37 2137 2449 363 13
38 2079 2472 421 12
39 2101 2519 399 9
40 2121 2474 379 6
41 2124 2479 376 7
42 2110 2510 390 10
43 2098 2485 402 7
44 2102 2554 396 16
45 2134 2386 366 12
46 2120 2567 380 11
47 2103 2479 395 5
48 2139 2470 359 12
49 2167 2499 333 13
50 2131 2452 369 12
51 2101 2520 399 16
52 2125 2453 375 11
53 2113 2524 387 18
54 2136 2460 360 14
55 2108 2481 392 9
56 2109 2493 391 11
57 2110 2486 388 6
58 2080 2477 420 9
59 2131 2498 369 16
60 2098 2495 402 13
61 2107 2527 393 9
62 2114 2476 386 6
63 2109 2449 391 9
64 2129 2524 371 20
65 2120 2507 380 11
66 2106 2444 392 12
67 2102 2511 398 13
68 2085 2476 415 8
69 2127 2496 373 10
70 2108 2512 390 8
71 2103 2475 397 17
72 2104 2462 396 12
73 2106 2468 390 16
74 2112 2506 386 10
75 2124 2475 376 9
76 2094 2497 406 15
77 2133 2467 365 11
78 2119 2509 381 11
79 2160 2503 340 11
80 2101 2464 399 6
81 2105 2546 395 6
82 2125 2436 371 14
83 2072 2517 428 7
84 2126 2479 374 9
85 2140 2440 360 12
86 2120 2513 380 7
87 2102 2526 394 6
88 2097 2505 403 11
89 2129 2485 371 5
90 2109 2494 389 8
91 2066 2473 434 15
92 2148 2461 352 13
93 2113 2514 387 12
94 2111 2494 389 6
95 2114 2493 386 5
96 2119 2493 379 9
97 2107 2481 393 13
98 2104 2483 394 7
99 2072 2502 428 10
100 2145 2492 353 14
