1 10000 0 150000
2 10000 0 299740
3 10000 0 449240
4 10000 0 598580
5 10000 0 747600
6 10000 0 896524
7 10000 0 1045164
8 10000 150 1193456
9 10000 4835 1336969
10 10000 43440 1446406
11 10000 43460 1446364
12 10000 43191 1446593
13 10000 43311 1446435
14 10000 43302 1446434
15 10000 43433 1446311
16 10000 42920 1446752
17 10000 43141 1446603
18 10000 43344 1446480
19 10000 43215 1446601
20 10000 43393 1446453
21 10000 43405 1446583
22 10000 43365 1446493
23 10000 43312 1446628
24 10000 43318 1446702
25 10000 43186 1447014
26 10000 43455 1446693
27 10000 43361 1446833
28 10000 43685 1446501
29 10000 43126 1447030
30 10000 43362 1446708
31 10000 43604 1446496
32 10000 43207 1446777
33 10000 43093 1446829
34 10000 43515 1446445
35 10000 43098 1446844
36 10000 43122 1446794
37 10000 43578 1446440
38 10000 43378 1446646
39 10000 43687 1446303
40 10000 43647 1446187
41 10000 43678 1446192
42 10000 43811 1446103
43 10000 43770 1446032
44 10000 43873 1445961
45 10000 43697 1446011
46 10000 43417 1446125
47 10000 42718 1446744
48 10000 43120 1446466
49 10000 43049 1446715
50 10000 43310 1446488
51 10000 43339 1446341
52 10000 43903 1445953
53 10000 43898 1445984
54 10000 43811 1446171
55 10000 43612 1446358
56 10000 43494 1446454
57 10000 43302 1446636
58 10000 43624 1446388
59 10000 43488 1446502
60 10000 43451 1446613
61 10000 43364 1446714
62 10000 43510 1446560
63 10000 43802 1446210
64 10000 43670 1446328
65 10000 43756 1446286
66 10000 43702 1446240
67 10000 43695 1446301
68 10000 43901 1445971
69 10000 43875 1445905
70 10000 43931 1445835
71 10000 43385 1446405
72 10000 43398 1446354
73 10000 43133 1446631
74 10000 43602 1446172
75 10000 43621 1446203
76 10000 43428 1446194
77 10000 43545 1446237
78 10000 43669 1446119
79 10000 43630 1446134
80 10000 43816 1445894
81 10000 43520 1446246
82 10000 43285 1446539
83 10000 43255 1446625
84 10000 43562 1446520
85 10000 43071 1447037
86 10000 42728 1447366
87 10000 43045 1446993
88 10000 42821 1447241
89 10000 43110 1446920
90 10000 42987 1446943
91 10000 43617 1446337
92 10000 43457 1446513
93 10000 43603 1446289
94 10000 43575 1446341
95 10000 43648 1446296
96 10000 43497 1446505
97 10000 43338 1446798
98 10000 43423 1446509
99 10000 43398 1446478
100 10000 43300 1446510
