1 150000 0 0 0
2 149740 0 0 0
3 149500 0 0 0
4 149340 0 0 0
5 149020 0 0 0
6 148924 0 0 0
7 148640 0 0 0
8 148292 0 150 0
9 143513 0 4685 0
10 109437 0 38605 0
11 45189 147686 102475 0
12 45352 147798 102406 0
13 44918 147684 102728 0
14 45208 147732 102514 0
15 44905 147802 102905 0
16 45236 147716 102408 0
17 44461 147738 103349 0
18 44550 147733 103354 91
19 44729 146397 103045 1385
20 44755 142334 103057 5448
21 44823 146490 103007 1198
22 44544 146561 103180 1293
23 44591 146125 103213 1597
24 44853 146274 102939 1438
25 44854 146131 103068 1611
26 44459 146389 103351 1473
27 44930 146143 102876 1617
28 44770 146117 103048 1709
29 45064 145974 102774 1894
30 44704 145667 102996 2119
31 44907 145872 102881 1886
32 45259 146110 102545 1810
33 44875 146033 102921 1825
34 44643 145933 103163 1835
35 45352 146276 102384 1478
36 44921 146023 102845 1769
37 44742 145911 103028 1757
38 45156 146044 102694 1800
39 44692 146129 103116 1713
40 44852 146014 102834 1828
41 44984 145850 102722 1820
42 44996 145983 102752 1721
43 45157 146121 102613 1761
44 45482 146032 102338 1756
45 45452 146050 102226 1754
46 45304 145891 102304 1883
47 45353 145784 102325 1974
48 44581 145759 103293 1991
49 45283 145890 102509 1724
50 44756 145911 102976 1787
51 45070 146003 102630 1815
52 45039 146052 102825 1636
53 45513 146013 102267 1741
54 45709 145910 102063 1762
55 45653 146028 102181 1818
56 45314 145915 102420 1841
57 45358 146013 102454 1809
58 44926 145797 102880 1935
59 45055 145878 102675 1874
60 45022 145989 102840 1799
61 44609 146026 103263 1832
62 44555 146041 103243 1765
63 44605 145992 103161 1832
64 45239 145835 102477 1895
65 44816 146000 102964 1736
66 44884 146067 102822 1739
67 44841 146086 102989 1690
68 44567 146024 103109 1776
69 44906 146046 102896 1848
70 45051 145865 102695 1895
71 45271 146029 102567 1785
72 44749 145898 102995 1884
73 44810 146053 102876 1621
74 44906 145947 102820 1769
75 45267 145810 102427 1834
76 45178 145944 102398 1834
77 45180 145692 102586 1914
78 45081 145828 102671 1918
79 45090 146082 102708 1740
80 45102 146011 102544 1689
81 45185 146041 102647 1735
82 44942 146054 102864 1694
83 44801 145940 102997 1802
84 44690 145881 103176 1783
85 44821 145977 103007 1825
86 44406 145989 103336 1767
87 44299 145928 103465 1892
88 44640 146016 103160 1760
89 44331 146132 103349 1580
90 44644 146152 103062 1654
91 44404 146117 103446 1709
92 45107 145861 102591 1821
93 44877 146149 102913 1719
94 44980 145952 102762 1766
95 44926 146000 102880 1778
96 44738 146079 103092 1693
97 44898 145809 102900 1855
98 44786 146122 102902 1770
99 44833 146021 102913 1781
100 45004 145842 102724 1952
