1 10000 0 10000
2 10000 0 15000
3 10000 0 20000
4 10000 1 24999
5 10000 3 29995
6 10000 6 34992
7 10000 35 39963
8 10000 102 44894
9 10000 206 49784
10 10000 417 54569
11 10000 384 53546
12 10000 370 53346
13 10000 389 53313
14 10000 397 53245
15 10000 399 53279
16 10000 404 53248
17 10000 387 53329
18 10000 386 53334
19 10000 393 53319
20 10000 400 53282
21 10000 373 53287
22 10000 334 53392
23 10000 374 53338
24 10000 384 53376
25 10000 352 53326
26 10000 337 53383
27 10000 356 53328
28 10000 338 53388
29 10000 334 53400
30 10000 342 53384
31 10000 336 53326
32 10000 334 53338
33 10000 326 53340
34 10000 351 53353
35 10000 366 53334
36 10000 360 53306
37 10000 319 53347
38 10000 327 53351
39 10000 313 53383
40 10000 341 53327
41 10000 335 53341
42 10000 336 53368
43 10000 364 53334
44 10000 357 53357
45 10000 367 53325
46 10000 367 53327
47 10000 347 53323
48 10000 364 53418
49 10000 363 53305
50 10000 336 53342
51 10000 338 53370
52 10000 370 53276
53 10000 365 53323
54 10000 348 53306
55 10000 346 53358
56 10000 361 53373
57 10000 364 53312
58 10000 340 53316
59 10000 325 53339
60 10000 334 53382
61 10000 340 53382
62 10000 365 53323
63 10000 380 53262
64 10000 396 53288
65 10000 394 53290
66 10000 393 53317
67 10000 381 53419
68 10000 373 53295
69 10000 400 53272
70 10000 395 53277
71 10000 387 53313
72 10000 400 53244
73 10000 391 53297
74 10000 390 53382
75 10000 389 53299
76 10000 382 53366
77 10000 418 53282
78 10000 385 53299
79 10000 358 53352
80 10000 345 53323
81 10000 376 53290
82 10000 345 53287
83 10000 362 53296
84 10000 368 53352
85 10000 338 53314
86 10000 360 53340
87 10000 378 53350
88 10000 389 53323
89 10000 373 53363
90 10000 357 53341
91 10000 375 53377
92 10000 388 53278
93 10000 398 53364
94 10000 388 53314
95 10000 391 53311
96 10000 356 53314
97 10000 395 53265
98 10000 359 53323
99 10000 377 53301
100 10000 392 53296
