1 10000 0 0 0
2 5000 0 0 0
3 5000 0 0 0
4 4999 0 1 0
5 4996 0 2 0
6 4997 0 3 0
7 4971 0 29 0
8 4931 0 67 0
9 4890 0 104 0
10 4785 0 211 0
11 4661 6054 337 0
12 4683 5208 311 0
13 4683 5010 313 0
14 4682 5054 312 0
15 4694 4962 304 0
16 4721 5026 279 0
17 4700 4936 300 0
18 4691 4993 307 1
19 4673 5005 325 1
20 4687 5022 309 4
21 4726 5019 274 3
22 4714 4928 282 2
23 4672 5009 324 1
24 4711 4948 285 0
25 4680 5079 318 1
26 4696 4951 298 1
27 4673 5027 319 1
28 4710 4955 288 1
29 4693 4991 307 1
30 4705 5007 295 1
31 4708 5060 288 0
32 4730 4986 268 2
33 4704 5003 296 3
34 4713 4956 283 2
35 4728 5001 270 1
36 4721 5032 279 2
37 4734 4996 264 2
38 4700 4981 294 1
39 4718 4978 280 2
40 4681 5028 319 0
41 4749 4991 251 1
42 4708 4970 290 0
43 4661 4999 337 5
44 4695 4979 303 3
45 4697 5015 297 1
46 4711 4991 283 1
47 4707 5019 289 1
48 4685 4883 313 3
49 4687 5108 307 0
50 4715 4989 285 1
51 4707 4966 291 2
52 4671 5055 325 3
53 4712 4954 288 4
54 4696 5032 304 2
55 4699 4949 301 1
56 4715 4967 283 1
57 4700 5056 298 0
58 4714 5013 282 3
59 4712 4989 288 3
60 4717 4944 281 2
61 4716 4991 284 3
62 4679 5029 317 1
63 4670 5040 328 4
64 4667 4950 327 2
65 4691 4992 303 2
66 4700 4970 298 2
67 4696 4906 300 0
68 4707 5126 289 2
69 4694 4993 304 1
70 4708 4994 288 2
71 4699 4962 291 0
72 4703 5052 297 4
73 4679 4949 317 3
74 4691 4914 307 0
75 4671 5077 325 3
76 4710 4937 290 3
77 4677 5041 321 5
78 4725 5009 273 5
79 4702 4967 292 1
80 4702 5036 296 4
81 4695 4997 303 3
82 4701 5029 295 1
83 4695 4972 305 2
84 4709 4938 291 0
85 4688 5060 310 6
86 4682 4946 314 2
87 4695 4967 303 3
88 4657 5013 341 1
89 4710 4973 290 3
90 4714 5038 286 0
91 4683 4942 315 2
92 4664 5081 332 1
93 4686 4901 312 1
94 4680 5054 316 2
95 4669 4993 329 5
96 4721 5026 277 4
97 4656 5008 344 2
98 4718 4974 278 0
99 4699 5002 299 0
100 4685 4987 315 3
