1 10000 0 80000
2 10000 0 127974
3 10000 0 175922
4 10000 0 223856
5 10000 0 271780
6 10000 0 319632
7 10000 0 367510
8 10000 0 415348
9 10000 0 463160
10 10000 0 510928
11 10000 5 505427
12 10000 3 504713
13 10000 3 504771
14 10000 6 504576
15 10000 1 504629
16 10000 0 504760
17 10000 0 504548
18 10000 1 504873
19 10000 5 504657
20 10000 5 504657
21 10000 3 504697
22 10000 0 504522
23 10000 0 504530
24 10000 0 504480
25 10000 0 504666
26 10000 0 504670
27 10000 0 504578
28 10000 3 504609
29 10000 7 504587
30 10000 7 504553
31 10000 11 504649
32 10000 11 504509
33 10000 5 504551
34 10000 1 504497
35 10000 0 504470
36 10000 0 504662
37 10000 0 504610
38 10000 0 504426
39 10000 0 504372
40 10000 0 504504
41 10000 0 504704
42 10000 0 504574
43 10000 0 504546
44 10000 0 504418
45 10000 0 504418
46 10000 0 504456
47 10000 0 504544
48 10000 0 504666
49 10000 0 504520
50 10000 2 504678
51 10000 0 504670
52 10000 0 504700
53 10000 0 504546
54 10000 0 504518
55 10000 1 504427
56 10000 0 504692
57 10000 0 504714
58 10000 0 504696
59 10000 0 504626
60 10000 0 504496
61 10000 0 504402
62 10000 0 504646
63 10000 0 504434
64 10000 0 504628
65 10000 0 504606
66 10000 0 504500
67 10000 1 504525
68 10000 1 504743
69 10000 0 504684
70 10000 0 504528
71 10000 0 504584
72 10000 2 504442
73 10000 1 504377
74 10000 4 504580
75 10000 8 504546
76 10000 5 504399
77 10000 2 504614
78 10000 1 504309
79 10000 4 504670
80 10000 3 504477
81 10000 0 504506
82 10000 0 504700
83 10000 0 504658
84 10000 0 504552
85 10000 0 504558
86 10000 0 504478
87 10000 0 504638
88 10000 0 504612
89 10000 2 504624
90 10000 0 504532
91 10000 0 504328
92 10000 0 504382
93 10000 2 504434
94 10000 1 504593
95 10000 0 504382
96 10000 0 504602
97 10000 0 504410
98 10000 0 504402
99 10000 5 504535
100 10000 0 504470
