1 80000 0 0 0
2 47974 0 0 0
3 47948 0 0 0
4 47934 0 0 0
5 47924 0 0 0
6 47852 0 0 0
7 47878 0 0 0
8 47838 0 0 0
9 47812 0 0 0
10 47768 0 0 0
11 47730 53258 32 0
12 47768 48500 16 0
13 47765 47722 15 0
14 47767 47970 11 0
15 47757 47726 17 0
16 47765 47654 19 0
17 47767 47990 11 0
18 47776 47462 12 0
19 47748 47972 12 0
20 47784 47798 14 0
21 47747 47722 13 0
22 47789 47978 11 0
23 47746 47746 8 0
24 47730 47790 10 0
25 47794 47622 14 0
26 47778 47782 8 0
27 47769 47870 9 0
28 47786 47766 14 0
29 47753 47796 25 0
30 47740 47818 44 0
31 47716 47666 50 0
32 47713 47890 37 0
33 47713 47716 39 0
34 47715 47812 39 0
35 47762 47810 20 0
36 47772 47586 6 0
37 47773 47836 11 0
38 47754 47950 12 0
39 47735 47808 19 0
40 47780 47660 12 0
41 47792 47594 2 0
42 47750 47896 16 0
43 47728 47768 12 0
44 47734 47872 10 0
45 47755 47764 9 0
46 47795 47764 7 0
47 47722 47648 14 0
48 47764 47658 16 0
49 47768 47936 22 0
50 47699 47560 21 0
51 47749 47770 11 0
52 47792 47780 18 0
53 47771 47938 13 0
54 47770 47810 12 0
55 47741 47858 27 0
56 47786 47540 18 0
57 47740 47738 20 0
58 47753 47778 7 0
59 47725 47804 9 0
60 47705 47852 17 0
61 47757 47858 7 0
62 47786 47552 10 0
63 47763 47984 9 0
64 47763 47576 7 0
65 47791 47826 13 0
66 47754 47888 28 0
67 47750 47744 20 0
68 47722 47534 30 0
69 47744 47820 16 0
70 47755 47926 15 0
71 47771 47732 17 0
72 47730 47880 10 0
73 47759 47846 21 0
74 47753 47566 19 0
75 47758 47812 24 0
76 47760 47932 22 0
77 47745 47554 21 0
78 47755 48084 23 0
79 47750 47414 28 0
80 47731 47958 33 0
81 47754 47744 16 0
82 47767 47590 17 0
83 47754 47814 18 0
84 47743 47864 15 0
85 47750 47754 10 0
86 47761 47848 7 0
87 47747 47598 11 0
88 47749 47792 17 0
89 47742 47754 26 0
90 47751 47858 13 0
91 47705 47930 21 0
92 47747 47710 17 0
93 47785 47740 9 0
94 47751 47604 11 0
95 47743 47982 27 0
96 47744 47536 12 0
97 47722 47932 18 0
98 47779 47798 11 0
99 47713 47592 17 0
100 47747 47836 19 0
