1 10000 0 20000
2 10000 0 39994
3 10000 0 59988
4 10000 1 79979
5 10000 22 99944
6 10000 210 119734
7 10000 1146 138780
8 10000 3748 156144
9 10000 8955 170901
10 10000 17654 182164
11 10000 17650 182152
12 10000 17607 182213
13 10000 17600 182210
14 10000 17603 182215
15 10000 17606 182230
16 10000 17523 182293
17 10000 17527 182299
18 10000 17512 182304
19 10000 17625 182179
20 10000 17639 182181
21 10000 17766 182062
22 10000 17686 182130
23 10000 17717 182111
24 10000 17742 182096
25 10000 17749 182087
26 10000 17796 182018
27 10000 17836 181986
28 10000 17828 181986
29 10000 17685 182133
30 10000 17659 182163
31 10000 17551 182271
32 10000 17493 182343
33 10000 17464 182344
34 10000 17413 182371
35 10000 17556 182240
36 10000 17451 182331
37 10000 17550 182256
38 10000 17654 182158
39 10000 17874 181926
40 10000 17890 181898
41 10000 17979 181813
42 10000 18001 181793
43 10000 17938 181876
44 10000 17892 181910
45 10000 17802 182004
46 10000 17832 181944
47 10000 17729 182043
48 10000 17702 182084
49 10000 17761 182039
50 10000 17613 182209
51 10000 17669 182149
52 10000 17695 182115
53 10000 17619 182181
54 10000 17524 182268
55 10000 17495 182319
56 10000 17563 182239
57 10000 17643 182163
58 10000 17743 182069
59 10000 17802 182000
60 10000 17807 181989
61 10000 17799 181993
62 10000 17818 181984
63 10000 17688 182110
64 10000 17654 182156
65 10000 17568 182242
66 10000 17608 182228
67 10000 17498 182342
68 10000 17502 182324
69 10000 17385 182429
70 10000 17551 182267
71 10000 17421 182417
72 10000 17474 182364
73 10000 17537 182295
74 10000 17431 182411
75 10000 17587 182251
76 10000 17671 182161
77 10000 17685 182129
78 10000 17680 182132
79 10000 17668 182124
80 10000 17512 182260
81 10000 17640 182138
82 10000 17454 182318
83 10000 17506 182254
84 10000 17675 182111
85 10000 17495 182297
86 10000 17463 182321
87 10000 17537 182267
88 10000 17474 182348
89 10000 17548 182262
90 10000 17678 182132
91 10000 17667 182135
92 10000 17640 182160
93 10000 17704 182112
94 10000 17640 182160
95 10000 17647 182159
96 10000 17732 182092
97 10000 17776 182032
98 10000 17804 182030
99 10000 17729 182111
100 10000 17584 182262
