1 20000 0 0 0
2 19994 0 0 0
3 19994 0 0 0
4 19991 0 1 0
5 19965 0 21 0
6 19790 0 188 0
7 19046 0 936 0
8 17364 0 2602 0
9 14757 0 5207 0
10 11263 0 8699 0
11 7779 19962 12167 0
12 7733 19960 12245 0
13 7698 19958 12250 0
14 7669 19962 12301 0
15 7672 19946 12296 4
16 7753 19887 12197 83
17 7694 19613 12272 343
18 7727 19128 12229 838
19 7641 18741 12313 1225
20 7704 18620 12262 1330
21 7747 19332 12221 628
22 7845 19376 12105 586
23 7620 19243 12344 709
24 7643 19305 12325 653
25 7738 19244 12222 718
26 7671 19198 12269 764
27 7691 19173 12275 785
28 7790 19090 12154 862
29 7869 19134 12085 816
30 7738 19175 12230 789
31 7773 19163 12197 807
32 7801 19138 12165 814
33 7750 19187 12192 783
34 7768 19163 12194 823
35 7658 19133 12296 809
36 7721 19161 12225 799
37 7632 19140 12338 806
38 7585 19170 12375 784
39 7679 19213 12267 745
40 7614 19222 12348 752
41 7757 19182 12213 784
42 7768 19189 12194 771
43 7882 19162 12082 782
44 7775 19106 12171 852
45 7803 19074 12155 880
46 7740 19195 12196 771
47 7847 19125 12111 837
48 7701 19031 12261 917
49 7670 19079 12288 865
50 7784 19161 12196 797
51 7696 19149 12268 819
52 7710 19143 12232 807
53 7750 19130 12190 820
54 7675 19174 12287 796
55 7747 19161 12213 777
56 7565 19110 12381 848
57 7660 19144 12308 820
58 7670 19133 12296 827
59 7635 19207 12315 753
60 7639 19125 12305 825
61 7687 19187 12267 771
62 7744 19181 12206 759
63 7853 19148 12107 816
64 7760 19165 12210 793
65 7814 19188 12152 778
66 7767 19034 12195 902
67 7782 19149 12176 805
68 7631 19157 12317 805
69 7752 19164 12204 804
70 7699 19205 12271 761
71 7801 19197 12175 759
72 7617 19154 12349 812
73 7544 19200 12422 772
74 7729 19170 12245 794
75 7619 19151 12327 799
76 7663 19213 12305 761
77 7577 19185 12373 783
78 7650 19198 12304 758
79 7676 19234 12260 722
80 7754 19134 12184 824
81 7637 19177 12325 779
82 7809 19091 12139 863
83 7612 19149 12332 807
84 7603 19208 12367 736
85 7870 19131 12092 825
86 7699 19174 12253 786
87 7648 19204 12320 744
88 7851 19142 12119 810
89 7653 19173 12297 789
90 7707 19180 12249 776
91 7679 19167 12273 793
92 7702 19178 12246 772
93 7803 19143 12155 799
94 7724 19149 12230 821
95 7717 19149 12245 807
96 7720 19074 12232 860
97 7750 19139 12210 837
98 7692 19133 12278 811
99 7727 19161 12237 797
100 7753 19109 12215 853
