1 10000 0 150000
2 10000 0 224914
3 10000 0 299760
4 10000 0 374580
5 10000 0 449332
6 10000 0 524072
7 10000 0 598742
8 10000 0 673370
9 10000 0 747974
10 10000 0 822420
11 10000 0 806426
12 10000 0 803592
13 10000 0 803176
14 10000 0 803100
15 10000 0 803246
16 10000 0 803102
17 10000 0 803134
18 10000 0 803126
19 10000 0 803162
20 10000 0 802972
21 10000 0 803046
22 10000 0 802968
23 10000 0 802870
24 10000 0 802990
25 10000 0 802990
26 10000 0 802920
27 10000 0 803402
28 10000 0 802954
29 10000 0 802876
30 10000 0 803028
31 10000 0 803160
32 10000 0 803038
33 10000 0 803114
34 10000 0 803080
35 10000 0 803366
36 10000 0 803206
37 10000 0 803148
38 10000 0 803164
39 10000 0 803086
40 10000 0 803228
41 10000 0 803296
42 10000 0 802954
43 10000 0 803020
44 10000 0 803016
45 10000 0 803234
46 10000 0 803116
47 10000 0 803056
48 10000 0 802890
49 10000 0 803290
50 10000 0 803210
51 10000 0 803180
52 10000 0 803018
53 10000 0 802980
54 10000 0 803128
55 10000 0 802974
56 10000 0 802736
57 10000 0 803046
58 10000 0 802852
59 10000 0 802928
60 10000 0 803214
61 10000 0 803116
62 10000 0 802942
63 10000 0 803032
64 10000 0 802912
65 10000 0 803134
66 10000 0 803038
67 10000 0 803230
68 10000 0 803168
69 10000 0 802920
70 10000 0 803298
71 10000 0 803054
72 10000 0 802802
73 10000 0 802658
74 10000 0 802884
75 10000 0 803040
76 10000 0 803144
77 10000 0 803214
78 10000 0 803068
79 10000 0 803054
80 10000 0 803186
81 10000 0 802954
82 10000 0 803182
83 10000 0 802804
84 10000 0 803014
85 10000 0 802808
86 10000 0 802928
87 10000 0 802798
88 10000 0 802938
89 10000 0 803100
90 10000 0 802908
91 10000 0 802936
92 10000 0 802750
93 10000 0 803062
94 10000 0 803018
95 10000 0 803282
96 10000 0 803196
97 10000 0 802978
98 10000 0 803062
99 10000 0 802824
100 10000 0 803186
