1 150000 0 0 0
2 74914 0 0 0
3 74846 0 0 0
4 74820 0 0 0
5 74752 0 0 0
6 74740 0 0 0
7 74670 0 0 0
8 74628 0 0 0
9 74604 0 0 0
10 74446 0 0 0
11 74392 90386 0 0
12 74420 77254 0 0
13 74538 74954 0 0
14 74450 74526 0 0
15 74478 74332 0 0
16 74442 74586 0 0
17 74414 74382 0 0
18 74436 74444 0 0
19 74426 74390 0 0
20 74420 74610 0 0
21 74418 74344 0 0
22 74368 74446 0 0
23 74426 74524 0 0
24 74502 74382 0 0
25 74454 74454 0 0
26 74390 74460 0 0
27 74504 74022 0 0
28 74430 74878 0 0
29 74402 74480 0 0
30 74458 74306 0 0
31 74436 74304 0 0
32 74502 74624 0 0
33 74416 74340 0 0
34 74414 74448 0 0
35 74488 74202 0 0
36 74436 74596 0 0
37 74434 74492 0 0
38 74532 74516 0 0
39 74406 74484 0 0
40 74430 74288 0 0
41 74474 74406 0 0
42 74466 74808 0 0
43 74412 74346 0 0
44 74472 74476 0 0
45 74426 74208 0 0
46 74474 74592 0 0
47 74402 74462 0 0
48 74474 74640 0 0
49 74418 74018 0 0
50 74488 74568 0 0
51 74404 74434 0 0
52 74420 74582 0 0
53 74358 74396 0 0
54 74430 74282 0 0
55 74452 74606 0 0
56 74466 74704 0 0
57 74458 74148 0 0
58 74380 74574 0 0
59 74446 74370 0 0
60 74442 74156 0 0
61 74444 74542 0 0
62 74456 74630 0 0
63 74464 74374 0 0
64 74446 74566 0 0
65 74496 74274 0 0
66 74438 74534 0 0
67 74412 74220 0 0
68 74432 74494 0 0
69 74400 74648 0 0
70 74438 74060 0 0
71 74446 74690 0 0
72 74454 74706 0 0
73 74422 74566 0 0
74 74422 74196 0 0
75 74448 74292 0 0
76 74380 74276 0 0
77 74448 74378 0 0
78 74418 74564 0 0
79 74360 74374 0 0
80 74442 74310 0 0
81 74412 74644 0 0
82 74436 74208 0 0
83 74444 74822 0 0
84 74374 74164 0 0
85 74420 74626 0 0
86 74376 74256 0 0
87 74490 74620 0 0
88 74486 74346 0 0
89 74398 74236 0 0
90 74440 74632 0 0
91 74450 74422 0 0
92 74392 74578 0 0
93 74498 74186 0 0
94 74466 74510 0 0
95 74460 74196 0 0
96 74484 74570 0 0
97 74456 74674 0 0
98 74498 74414 0 0
99 74412 74650 0 0
100 74424 74062 0 0
