71 93
71 15
71 37
71 53
71 38
71 92
93 75
93 52
93 20
93 62
15 28
15 24
15 42
15 21
15 96
15 95
37 34
37 9
37 60
37 54
37 50
37 63
37 11
53 46
53 73
53 43
38 29
38 41
38 4
38 6
38 77
92 58
92 72
75 51
75 90
75 5
75 39
52 88
52 87
52 19
52 8
52 57
62 86
62 97
62 16
28 70
24 40
24 84
42 85
21 7
96 44
96 55
96 67
96 36
96 35
96 3
96 12
95 80
95 14
95 31
95 26
95 32
34 78
34 13
9 68
60 56
54 10
54 83
50 64
63 98
63 66
46 23
73 94
73 22
43 45
43 33
43 69
29 18
6 49
6 65
77 48
72 30
56 74
56 82
56 61
82 25
61 76
61 91
76 2
91 79
