76 34
76 82
76 26
76 62
76 21
76 13
76 80
76 51
76 33
76 28
76 8
34 40
34 61
34 78
34 18
82 70
82 72
82 39
82 27
82 3
82 5
26 44
26 96
26 77
26 54
62 94
62 90
21 65
21 42
21 9
21 19
21 37
21 55
21 95
21 92
13 71
13 58
13 87
13 7
13 1
13 31
80 74
80 16
80 53
80 10
51 63
33 69
33 49
33 46
33 73
28 24
28 88
28 25
8 6
8 11
40 81
40 38
40 12
61 66
18 100
18 99
70 91
72 29
39 15
27 98
27 4
27 41
44 97
96 57
96 67
96 85
96 60
77 89
77 84
77 83
54 79
54 64
94 50
90 86
90 23
42 30
19 22
37 35
37 48
55 20
95 93
92 59
71 75
58 17
46 52
73 36
73 45
88 14
6 47
11 68
81 43
43 2
2 56
