90 36
90 18
90 15
90 32
90 93
90 6
90 51
90 38
90 67
90 73
90 92
36 82
36 69
36 62
36 14
36 35
36 44
18 39
18 37
18 40
18 7
15 99
15 20
15 52
32 95
93 34
93 16
93 23
93 4
93 42
93 89
6 61
6 98
6 85
6 41
6 54
6 9
6 56
6 21
6 3
6 33
6 31
6 29
51 25
51 81
38 49
38 84
38 55
38 5
38 87
67 1
92 13
82 96
82 53
82 66
69 71
62 94
62 74
62 60
14 83
35 50
35 78
35 75
35 2
35 11
44 46
44 68
37 65
37 19
40 97
99 22
52 12
52 24
95 64
34 70
34 77
16 58
16 26
16 28
16 47
42 57
89 30
89 17
98 86
98 72
54 43
9 10
21 48
31 88
29 8
49 91
84 45
5 80
