1 10000 0 150000
2 10000 0 269864
3 10000 0 389546
4 10000 0 509138
5 10000 0 628548
6 10000 0 747826
7 10000 0 866998
8 10000 0 986042
9 10000 6 1104888
10 10000 251 1223409
11 10000 237 1220631
12 10000 224 1220474
13 10000 226 1220390
14 10000 284 1220304
15 10000 302 1220296
16 10000 326 1220208
17 10000 277 1220195
18 10000 311 1220193
19 10000 239 1220135
20 10000 256 1220212
21 10000 253 1220283
22 10000 270 1220386
23 10000 275 1220493
24 10000 279 1220345
25 10000 233 1220223
26 10000 221 1220471
27 10000 220 1220464
28 10000 233 1220291
29 10000 217 1220581
30 10000 219 1220477
31 10000 214 1220468
32 10000 236 1220478
33 10000 253 1220529
34 10000 299 1220433
35 10000 350 1220518
36 10000 291 1220615
37 10000 298 1220440
38 10000 248 1220500
39 10000 259 1220489
40 10000 231 1220615
41 10000 226 1220548
42 10000 202 1220616
43 10000 243 1220633
44 10000 221 1220605
45 10000 233 1220483
46 10000 237 1220389
47 10000 237 1220529
48 10000 251 1220353
49 10000 261 1220221
50 10000 284 1220248
51 10000 194 1220626
52 10000 250 1220508
53 10000 277 1220505
54 10000 226 1220476
55 10000 213 1220347
56 10000 193 1220543
57 10000 235 1220275
58 10000 252 1220140
59 10000 209 1220271
60 10000 212 1220344
61 10000 197 1220373
62 10000 159 1220443
63 10000 234 1220544
64 10000 248 1220236
65 10000 231 1220185
66 10000 285 1220125
67 10000 271 1220343
68 10000 305 1220359
69 10000 238 1220520
70 10000 242 1220488
71 10000 223 1220423
72 10000 254 1220566
73 10000 251 1220423
74 10000 302 1220610
75 10000 300 1220302
76 10000 310 1220404
77 10000 303 1220327
78 10000 285 1220307
79 10000 226 1220326
80 10000 235 1220247
81 10000 253 1220143
82 10000 218 1220154
83 10000 284 1220166
84 10000 286 1220408
85 10000 230 1220358
86 10000 257 1220473
87 10000 246 1220624
88 10000 286 1220494
89 10000 276 1220492
90 10000 289 1220493
91 10000 296 1220430
92 10000 289 1220521
93 10000 263 1220519
94 10000 258 1220600
95 10000 240 1220456
96 10000 194 1220452
97 10000 165 1220509
98 10000 183 1220515
99 10000 207 1220527
100 10000 230 1220446
