1 150000 0 0 0
2 119864 0 0 0
3 119682 0 0 0
4 119592 0 0 0
5 119410 0 0 0
6 119278 0 0 0
7 119172 0 0 0
8 119044 0 0 0
9 118846 0 6 0
10 118521 0 245 0
11 114257 121392 4343 0
12 114290 118652 4192 0
13 114132 118638 4424 0
14 114168 118586 4390 0
15 114394 118566 4182 0
16 114348 118522 4110 0
17 114524 118626 4040 0
18 114249 118462 4245 0
19 114434 118714 4150 0
20 114310 118440 4226 2
21 114320 118460 4208 0
22 114412 118617 4328 3
23 114180 118480 4412 0
24 114113 118736 4479 0
25 114131 118696 4401 4
26 114233 118370 4373 0
27 114185 118546 4353 0
28 114324 118706 4222 0
29 114416 118396 4254 0
30 114327 118680 4251 0
31 114276 118602 4312 0
32 114403 118540 4169 0
33 114428 118546 4186 0
34 114242 118606 4314 0
35 114300 118508 4344 0
36 114260 118614 4392 0
37 114272 118668 4228 0
38 114265 118594 4339 0
39 114125 118548 4423 0
40 114207 118480 4371 0
41 114292 118690 4326 0
42 114412 118604 4236 0
43 114255 118428 4231 0
44 114474 118564 4040 0
45 114602 118786 4074 0
46 114321 118634 4223 0
47 114289 118496 4347 0
48 114194 118634 4278 0
49 114237 118654 4295 0
50 114255 118564 4359 0
51 114272 118308 4324 0
52 114122 118630 4446 0
53 114222 118586 4388 0
54 114274 118648 4294 0
55 114242 118674 4290 0
56 114391 118294 4079 0
57 114456 118720 4038 0
58 114379 118602 4105 0
59 114688 118567 3972 5
60 114543 118531 4067 3
61 114460 118584 4138 0
62 114654 118618 3996 0
63 114386 118394 4184 0
64 114016 118738 4428 0
65 114220 118550 4262 0
66 114219 118566 4341 0
67 114136 118366 4434 0
68 114294 118570 4326 0
69 114444 118506 4156 0
70 114301 118658 4329 0
71 114099 118600 4417 0
72 114424 118458 4208 0
73 114250 118702 4306 0
74 114181 118374 4431 0
75 114018 118752 4424 0
76 114011 118544 4645 0
77 114143 118644 4417 0
78 114259 118588 4291 0
79 114326 118636 4270 0
80 114363 118626 4193 0
81 114452 118686 4148 0
82 114265 118480 4191 0
83 114421 118518 4175 0
84 114629 118462 4077 0
85 114384 118750 4260 0
86 114320 118506 4328 0
87 114245 118526 4421 0
88 114180 118734 4464 0
89 114133 118612 4467 0
90 113913 118506 4607 0
91 113942 118576 4578 0
92 114134 118598 4548 0
93 114176 118581 4380 3
94 114385 118576 4267 0
95 114392 118652 4098 0
96 114619 118686 4017 0
97 114550 118548 4026 0
98 114294 118524 4254 0
99 114256 118462 4242 0
100 114469 118698 4171 0
