1 95		 1 0 0 0 0 
1 43		 1 0 0 0 0 
1 -9999		 
1 -9999		 
1 -9999		 
1 -9999		 
1 -9999		 
1 -9999		 
1 -9999		 
1 -9999		 
2 25		 1 0 0 0 0 
2 90		 1 0 0 0 0 
2 -9999		 
2 -9999		 
2 -9999		 
2 -9999		 
2 -9999		 
2 -9999		 
2 -9999		 
2 -9999		 
3 -9999		 
3 -9999		 
3 -9999		 
3 -9999		 
3 -9999		 
3 -9999		 
3 -9999		 
3 -9999		 
3 -9999		 
3 -9999		 
4 42		 1 0 0 0 0 
4 87		 1 0 0 0 0 
4 -9999		 
4 -9999		 
4 -9999		 
4 -9999		 
4 -9999		 
4 -9999		 
4 -9999		 
4 -9999		 
5 33		 1 0 0 0 0 
5 82		 1 0 0 0 0 
5 -9999		 
5 -9999		 
5 -9999		 
5 -9999		 
5 -9999		 
5 -9999		 
5 -9999		 
5 -9999		 
6 -9999		 
6 -9999		 
6 -9999		 
6 -9999		 
6 -9999		 
6 -9999		 
6 -9999		 
6 -9999		 
6 -9999		 
6 -9999		 
7 -9999		 
7 -9999		 
7 -9999		 
7 -9999		 
7 -9999		 
7 -9999		 
7 -9999		 
7 -9999		 
7 -9999		 
7 -9999		 
8 89		 1 0 0 0 0 
8 10		 1 0 0 0 0 
8 67		 1 0 0 0 0 
8 -9999		 
8 -9999		 
8 -9999		 
8 -9999		 
8 -9999		 
8 -9999		 
8 -9999		 
9 69		 1 0 0 0 0 
9 96		 1 0 0 0 0 
9 -9999		 
9 -9999		 
9 -9999		 
9 -9999		 
9 -9999		 
9 -9999		 
9 -9999		 
9 -9999		 
10 8		 1 0 0 0 0 
10 69		 1 0 0 0 0 
10 -9999		 
10 -9999		 
10 -9999		 
10 -9999		 
10 -9999		 
10 -9999		 
10 -9999		 
10 -9999		 
11 -9999		 
11 -9999		 
11 -9999		 
11 -9999		 
11 -9999		 
11 -9999		 
11 -9999		 
11 -9999		 
11 -9999		 
11 -9999		 
12 33		 1 0 0 0 0 
12 28		 1 0 0 0 0 
12 -9999		 
12 -9999		 
12 -9999		 
12 -9999		 
12 -9999		 
12 -9999		 
12 -9999		 
12 -9999		 
13 16		 1 0 0 0 0 
13 50		 1 0 0 0 0 
13 20		 1 0 0 0 0 
13 -9999		 
13 -9999		 
13 -9999		 
13 -9999		 
13 -9999		 
13 -9999		 
13 -9999		 
14 34		 1 0 0 0 0 
14 -9999		 
14 -9999		 
14 -9999		 
14 -9999		 
14 -9999		 
14 -9999		 
14 -9999		 
14 -9999		 
14 -9999		 
15 18		 1 0 0 0 0 
15 80		 1 0 0 0 0 
15 63		 1 0 0 0 0 
15 100		 1 0 0 0 0 
15 76		 1 0 0 0 0 
15 -9999		 
15 -9999		 
15 -9999		 
15 -9999		 
15 -9999		 
16 13		 1 0 0 0 0 
16 98		 1 0 0 0 0 
16 -9999		 
16 -9999		 
16 -9999		 
16 -9999		 
16 -9999		 
16 -9999		 
16 -9999		 
16 -9999		 
17 21		 1 0 0 0 0 
17 39		 1 0 0 0 0 
17 -9999		 
17 -9999		 
17 -9999		 
17 -9999		 
17 -9999		 
17 -9999		 
17 -9999		 
17 -9999		 
18 15		 1 0 0 0 0 
18 29		 1 0 0 0 0 
18 -9999		 
18 -9999		 
18 -9999		 
18 -9999		 
18 -9999		 
18 -9999		 
18 -9999		 
18 -9999		 
19 50		 1 0 0 0 0 
19 45		 1 0 0 0 0 
19 32		 1 0 0 0 0 
19 87		 1 0 0 0 0 
19 97		 1 0 0 0 0 
19 -9999		 
19 -9999		 
19 -9999		 
19 -9999		 
19 -9999		 
20 13		 1 0 0 0 0 
20 66		 1 0 0 0 0 
20 21		 1 0 0 0 0 
20 -9999		 
20 -9999		 
20 -9999		 
20 -9999		 
20 -9999		 
20 -9999		 
20 -9999		 
21 17		 1 0 0 0 0 
21 20		 1 0 0 0 0 
21 50		 1 0 0 0 0 
21 87		 1 0 0 0 0 
21 -9999		 
21 -9999		 
21 -9999		 
21 -9999		 
21 -9999		 
21 -9999		 
22 90		 1 0 0 0 0 
22 27		 1 0 0 0 0 
22 77		 1 0 0 0 0 
22 73		 1 0 0 0 0 
22 33		 1 0 0 0 0 
22 -9999		 
22 -9999		 
22 -9999		 
22 -9999		 
22 -9999		 
23 67		 1 0 0 0 0 
23 -9999		 
23 -9999		 
23 -9999		 
23 -9999		 
23 -9999		 
23 -9999		 
23 -9999		 
23 -9999		 
23 -9999		 
24 72		 1 0 0 0 0 
24 73		 1 0 0 0 0 
24 47		 1 0 0 0 0 
24 83		 1 0 0 0 0 
24 55		 1 0 0 0 0 
24 -9999		 
24 -9999		 
24 -9999		 
24 -9999		 
24 -9999		 
25 2		 1 0 0 0 0 
25 -9999		 
25 -9999		 
25 -9999		 
25 -9999		 
25 -9999		 
25 -9999		 
25 -9999		 
25 -9999		 
25 -9999		 
26 84		 1 0 0 0 0 
26 -9999		 
26 -9999		 
26 -9999		 
26 -9999		 
26 -9999		 
26 -9999		 
26 -9999		 
26 -9999		 
26 -9999		 
27 22		 1 0 0 0 0 
27 66		 1 0 0 0 0 
27 -9999		 
27 -9999		 
27 -9999		 
27 -9999		 
27 -9999		 
27 -9999		 
27 -9999		 
27 -9999		 
28 12		 1 0 0 0 0 
28 57		 1 0 0 0 0 
28 -9999		 
28 -9999		 
28 -9999		 
28 -9999		 
28 -9999		 
28 -9999		 
28 -9999		 
28 -9999		 
29 18		 1 0 0 0 0 
29 49		 1 0 0 0 0 
29 62		 1 0 0 0 0 
29 -9999		 
29 -9999		 
29 -9999		 
29 -9999		 
29 -9999		 
29 -9999		 
29 -9999		 
30 -9999		 
30 -9999		 
30 -9999		 
30 -9999		 
30 -9999		 
30 -9999		 
30 -9999		 
30 -9999		 
30 -9999		 
30 -9999		 
31 43		 1 0 0 0 0 
31 84		 1 0 0 0 0 
31 81		 1 0 0 0 0 
31 -9999		 
31 -9999		 
31 -9999		 
31 -9999		 
31 -9999		 
31 -9999		 
31 -9999		 
32 19		 1 0 0 0 0 
32 61		 1 0 0 0 0 
32 51		 1 0 0 0 0 
32 -9999		 
32 -9999		 
32 -9999		 
32 -9999		 
32 -9999		 
32 -9999		 
32 -9999		 
33 5		 1 0 0 0 0 
33 12		 1 0 0 0 0 
33 22		 1 0 0 0 0 
33 76		 1 0 0 0 0 
33 38		 1 0 0 0 0 
33 -9999		 
33 -9999		 
33 -9999		 
33 -9999		 
33 -9999		 
34 14		 1 0 0 0 0 
34 95		 1 0 0 0 0 
34 -9999		 
34 -9999		 
34 -9999		 
34 -9999		 
34 -9999		 
34 -9999		 
34 -9999		 
34 -9999		 
35 -9999		 
35 -9999		 
35 -9999		 
35 -9999		 
35 -9999		 
35 -9999		 
35 -9999		 
35 -9999		 
35 -9999		 
35 -9999		 
36 85		 1 0 0 0 0 
36 -9999		 
36 -9999		 
36 -9999		 
36 -9999		 
36 -9999		 
36 -9999		 
36 -9999		 
36 -9999		 
36 -9999		 
37 -9999		 
37 -9999		 
37 -9999		 
37 -9999		 
37 -9999		 
37 -9999		 
37 -9999		 
37 -9999		 
37 -9999		 
37 -9999		 
38 33		 1 0 0 0 0 
38 61		 1 0 0 0 0 
38 -9999		 
38 -9999		 
38 -9999		 
38 -9999		 
38 -9999		 
38 -9999		 
38 -9999		 
38 -9999		 
39 17		 1 0 0 0 0 
39 77		 1 0 0 0 0 
39 -9999		 
39 -9999		 
39 -9999		 
39 -9999		 
39 -9999		 
39 -9999		 
39 -9999		 
39 -9999		 
40 78		 1 0 0 0 0 
40 75		 1 0 0 0 0 
40 -9999		 
40 -9999		 
40 -9999		 
40 -9999		 
40 -9999		 
40 -9999		 
40 -9999		 
40 -9999		 
41 92		 1 0 0 0 0 
41 -9999		 
41 -9999		 
41 -9999		 
41 -9999		 
41 -9999		 
41 -9999		 
41 -9999		 
41 -9999		 
41 -9999		 
42 4		 1 0 0 0 0 
42 55		 1 0 0 0 0 
42 -9999		 
42 -9999		 
42 -9999		 
42 -9999		 
42 -9999		 
42 -9999		 
42 -9999		 
42 -9999		 
43 1		 1 0 0 0 0 
43 31		 1 0 0 0 0 
43 -9999		 
43 -9999		 
43 -9999		 
43 -9999		 
43 -9999		 
43 -9999		 
43 -9999		 
43 -9999		 
44 67		 1 0 0 0 0 
44 -9999		 
44 -9999		 
44 -9999		 
44 -9999		 
44 -9999		 
44 -9999		 
44 -9999		 
44 -9999		 
44 -9999		 
45 19		 1 0 0 0 0 
45 49		 1 0 0 0 0 
45 50		 1 0 0 0 0 
45 -9999		 
45 -9999		 
45 -9999		 
45 -9999		 
45 -9999		 
45 -9999		 
45 -9999		 
46 -9999		 
46 -9999		 
46 -9999		 
46 -9999		 
46 -9999		 
46 -9999		 
46 -9999		 
46 -9999		 
46 -9999		 
46 -9999		 
47 24		 1 0 0 0 0 
47 -9999		 
47 -9999		 
47 -9999		 
47 -9999		 
47 -9999		 
47 -9999		 
47 -9999		 
47 -9999		 
47 -9999		 
48 87		 1 0 0 0 0 
48 97		 1 0 0 0 0 
48 -9999		 
48 -9999		 
48 -9999		 
48 -9999		 
48 -9999		 
48 -9999		 
48 -9999		 
48 -9999		 
49 29		 1 0 0 0 0 
49 45		 1 0 0 0 0 
49 63		 1 0 0 0 0 
49 86		 1 0 0 0 0 
49 -9999		 
49 -9999		 
49 -9999		 
49 -9999		 
49 -9999		 
49 -9999		 
50 13		 1 0 0 0 0 
50 19		 1 0 0 0 0 
50 21		 1 0 0 0 0 
50 45		 1 0 0 0 0 
50 89		 1 0 0 0 0 
50 -9999		 
50 -9999		 
50 -9999		 
50 -9999		 
50 -9999		 
51 32		 1 0 0 0 0 
51 86		 1 0 0 0 0 
51 -9999		 
51 -9999		 
51 -9999		 
51 -9999		 
51 -9999		 
51 -9999		 
51 -9999		 
51 -9999		 
52 -9999		 
52 -9999		 
52 -9999		 
52 -9999		 
52 -9999		 
52 -9999		 
52 -9999		 
52 -9999		 
52 -9999		 
52 -9999		 
53 -9999		 
53 -9999		 
53 -9999		 
53 -9999		 
53 -9999		 
53 -9999		 
53 -9999		 
53 -9999		 
53 -9999		 
53 -9999		 
54 96		 1 0 0 0 0 
54 -9999		 
54 -9999		 
54 -9999		 
54 -9999		 
54 -9999		 
54 -9999		 
54 -9999		 
54 -9999		 
54 -9999		 
55 24		 1 0 0 0 0 
55 42		 1 0 0 0 0 
55 67		 1 0 0 0 0 
55 89		 1 0 0 0 0 
55 -9999		 
55 -9999		 
55 -9999		 
55 -9999		 
55 -9999		 
55 -9999		 
56 -9999		 
56 -9999		 
56 -9999		 
56 -9999		 
56 -9999		 
56 -9999		 
56 -9999		 
56 -9999		 
56 -9999		 
56 -9999		 
57 28		 1 0 0 0 0 
57 -9999		 
57 -9999		 
57 -9999		 
57 -9999		 
57 -9999		 
57 -9999		 
57 -9999		 
57 -9999		 
57 -9999		 
58 -9999		 
58 -9999		 
58 -9999		 
58 -9999		 
58 -9999		 
58 -9999		 
58 -9999		 
58 -9999		 
58 -9999		 
58 -9999		 
59 80		 1 0 0 0 0 
59 -9999		 
59 -9999		 
59 -9999		 
59 -9999		 
59 -9999		 
59 -9999		 
59 -9999		 
59 -9999		 
59 -9999		 
60 -9999		 
60 -9999		 
60 -9999		 
60 -9999		 
60 -9999		 
60 -9999		 
60 -9999		 
60 -9999		 
60 -9999		 
60 -9999		 
61 32		 1 0 0 0 0 
61 38		 1 0 0 0 0 
61 97		 1 0 0 0 0 
61 66		 1 0 0 0 0 
61 -9999		 
61 -9999		 
61 -9999		 
61 -9999		 
61 -9999		 
61 -9999		 
62 29		 1 0 0 0 0 
62 88		 1 0 0 0 0 
62 -9999		 
62 -9999		 
62 -9999		 
62 -9999		 
62 -9999		 
62 -9999		 
62 -9999		 
62 -9999		 
63 15		 1 0 0 0 0 
63 49		 1 0 0 0 0 
63 65		 1 0 0 0 0 
63 75		 1 0 0 0 0 
63 -9999		 
63 -9999		 
63 -9999		 
63 -9999		 
63 -9999		 
63 -9999		 
64 85		 1 0 0 0 0 
64 94		 1 0 0 0 0 
64 96		 1 0 0 0 0 
64 -9999		 
64 -9999		 
64 -9999		 
64 -9999		 
64 -9999		 
64 -9999		 
64 -9999		 
65 63		 1 0 0 0 0 
65 93		 1 0 0 0 0 
65 -9999		 
65 -9999		 
65 -9999		 
65 -9999		 
65 -9999		 
65 -9999		 
65 -9999		 
65 -9999		 
66 20		 1 0 0 0 0 
66 27		 1 0 0 0 0 
66 61		 1 0 0 0 0 
66 -9999		 
66 -9999		 
66 -9999		 
66 -9999		 
66 -9999		 
66 -9999		 
66 -9999		 
67 8		 1 0 0 0 0 
67 23		 1 0 0 0 0 
67 44		 1 0 0 0 0 
67 55		 1 0 0 0 0 
67 -9999		 
67 -9999		 
67 -9999		 
67 -9999		 
67 -9999		 
67 -9999		 
68 76		 1 0 0 0 0 
68 -9999		 
68 -9999		 
68 -9999		 
68 -9999		 
68 -9999		 
68 -9999		 
68 -9999		 
68 -9999		 
68 -9999		 
69 9		 1 0 0 0 0 
69 10		 1 0 0 0 0 
69 75		 1 0 0 0 0 
69 -9999		 
69 -9999		 
69 -9999		 
69 -9999		 
69 -9999		 
69 -9999		 
69 -9999		 
70 -9999		 
70 -9999		 
70 -9999		 
70 -9999		 
70 -9999		 
70 -9999		 
70 -9999		 
70 -9999		 
70 -9999		 
70 -9999		 
71 -9999		 
71 -9999		 
71 -9999		 
71 -9999		 
71 -9999		 
71 -9999		 
71 -9999		 
71 -9999		 
71 -9999		 
71 -9999		 
72 24		 1 0 0 0 0 
72 -9999		 
72 -9999		 
72 -9999		 
72 -9999		 
72 -9999		 
72 -9999		 
72 -9999		 
72 -9999		 
72 -9999		 
73 22		 1 0 0 0 0 
73 24		 1 0 0 0 0 
73 -9999		 
73 -9999		 
73 -9999		 
73 -9999		 
73 -9999		 
73 -9999		 
73 -9999		 
73 -9999		 
74 -9999		 
74 -9999		 
74 -9999		 
74 -9999		 
74 -9999		 
74 -9999		 
74 -9999		 
74 -9999		 
74 -9999		 
74 -9999		 
75 40		 1 0 0 0 0 
75 63		 1 0 0 0 0 
75 69		 1 0 0 0 0 
75 89		 1 0 0 0 0 
75 -9999		 
75 -9999		 
75 -9999		 
75 -9999		 
75 -9999		 
75 -9999		 
76 15		 1 0 0 0 0 
76 33		 1 0 0 0 0 
76 68		 1 0 0 0 0 
76 -9999		 
76 -9999		 
76 -9999		 
76 -9999		 
76 -9999		 
76 -9999		 
76 -9999		 
77 22		 1 0 0 0 0 
77 39		 1 0 0 0 0 
77 91		 1 0 0 0 0 
77 -9999		 
77 -9999		 
77 -9999		 
77 -9999		 
77 -9999		 
77 -9999		 
77 -9999		 
78 40		 1 0 0 0 0 
78 91		 1 0 0 0 0 
78 -9999		 
78 -9999		 
78 -9999		 
78 -9999		 
78 -9999		 
78 -9999		 
78 -9999		 
78 -9999		 
79 -9999		 
79 -9999		 
79 -9999		 
79 -9999		 
79 -9999		 
79 -9999		 
79 -9999		 
79 -9999		 
79 -9999		 
79 -9999		 
80 15		 1 0 0 0 0 
80 59		 1 0 0 0 0 
80 -9999		 
80 -9999		 
80 -9999		 
80 -9999		 
80 -9999		 
80 -9999		 
80 -9999		 
80 -9999		 
81 31		 1 0 0 0 0 
81 -9999		 
81 -9999		 
81 -9999		 
81 -9999		 
81 -9999		 
81 -9999		 
81 -9999		 
81 -9999		 
81 -9999		 
82 5		 1 0 0 0 0 
82 91		 1 0 0 0 0 
82 -9999		 
82 -9999		 
82 -9999		 
82 -9999		 
82 -9999		 
82 -9999		 
82 -9999		 
82 -9999		 
83 24		 1 0 0 0 0 
83 -9999		 
83 -9999		 
83 -9999		 
83 -9999		 
83 -9999		 
83 -9999		 
83 -9999		 
83 -9999		 
83 -9999		 
84 26		 1 0 0 0 0 
84 31		 1 0 0 0 0 
84 97		 1 0 0 0 0 
84 -9999		 
84 -9999		 
84 -9999		 
84 -9999		 
84 -9999		 
84 -9999		 
84 -9999		 
85 36		 1 0 0 0 0 
85 64		 1 0 0 0 0 
85 91		 1 0 0 0 0 
85 -9999		 
85 -9999		 
85 -9999		 
85 -9999		 
85 -9999		 
85 -9999		 
85 -9999		 
86 49		 1 0 0 0 0 
86 51		 1 0 0 0 0 
86 94		 1 0 0 0 0 
86 -9999		 
86 -9999		 
86 -9999		 
86 -9999		 
86 -9999		 
86 -9999		 
86 -9999		 
87 4		 1 0 0 0 0 
87 19		 1 0 0 0 0 
87 21		 1 0 0 0 0 
87 48		 1 0 0 0 0 
87 -9999		 
87 -9999		 
87 -9999		 
87 -9999		 
87 -9999		 
87 -9999		 
88 62		 1 0 0 0 0 
88 -9999		 
88 -9999		 
88 -9999		 
88 -9999		 
88 -9999		 
88 -9999		 
88 -9999		 
88 -9999		 
88 -9999		 
89 8		 1 0 0 0 0 
89 50		 1 0 0 0 0 
89 55		 1 0 0 0 0 
89 75		 1 0 0 0 0 
89 -9999		 
89 -9999		 
89 -9999		 
89 -9999		 
89 -9999		 
89 -9999		 
90 2		 1 0 0 0 0 
90 22		 1 0 0 0 0 
90 -9999		 
90 -9999		 
90 -9999		 
90 -9999		 
90 -9999		 
90 -9999		 
90 -9999		 
90 -9999		 
91 77		 1 0 0 0 0 
91 78		 1 0 0 0 0 
91 82		 1 0 0 0 0 
91 85		 1 0 0 0 0 
91 -9999		 
91 -9999		 
91 -9999		 
91 -9999		 
91 -9999		 
91 -9999		 
92 41		 1 0 0 0 0 
92 -9999		 
92 -9999		 
92 -9999		 
92 -9999		 
92 -9999		 
92 -9999		 
92 -9999		 
92 -9999		 
92 -9999		 
93 65		 1 0 0 0 0 
93 -9999		 
93 -9999		 
93 -9999		 
93 -9999		 
93 -9999		 
93 -9999		 
93 -9999		 
93 -9999		 
93 -9999		 
94 64		 1 0 0 0 0 
94 86		 1 0 0 0 0 
94 -9999		 
94 -9999		 
94 -9999		 
94 -9999		 
94 -9999		 
94 -9999		 
94 -9999		 
94 -9999		 
95 1		 1 0 0 0 0 
95 34		 1 0 0 0 0 
95 -9999		 
95 -9999		 
95 -9999		 
95 -9999		 
95 -9999		 
95 -9999		 
95 -9999		 
95 -9999		 
96 9		 1 0 0 0 0 
96 54		 1 0 0 0 0 
96 64		 1 0 0 0 0 
96 -9999		 
96 -9999		 
96 -9999		 
96 -9999		 
96 -9999		 
96 -9999		 
96 -9999		 
97 19		 1 0 0 0 0 
97 48		 1 0 0 0 0 
97 61		 1 0 0 0 0 
97 84		 1 0 0 0 0 
97 -9999		 
97 -9999		 
97 -9999		 
97 -9999		 
97 -9999		 
97 -9999		 
98 16		 1 0 0 0 0 
98 -9999		 
98 -9999		 
98 -9999		 
98 -9999		 
98 -9999		 
98 -9999		 
98 -9999		 
98 -9999		 
98 -9999		 
99 -9999		 
99 -9999		 
99 -9999		 
99 -9999		 
99 -9999		 
99 -9999		 
99 -9999		 
99 -9999		 
99 -9999		 
99 -9999		 
100 15		 1 0 0 0 0 
100 -9999		 
100 -9999		 
100 -9999		 
100 -9999		 
100 -9999		 
100 -9999		 
100 -9999		 
100 -9999		 
100 -9999		 
