1 34		 0 1 0 0 0 
1 50		 0 0 1 0 0 
1 19		 0 0 0 0 1 
1 14		 1 0 0 0 0 
1 -9999		 
1 91		 1 0 0 0 0 
1 31		 1 0 0 0 0 
1 98		 0 0 0 0 1 
1 83		 1 0 0 0 0 
1 73		 1 0 0 0 0 
2 -9999		 
2 -9999		 
2 -9999		 
2 -9999		 
2 -9999		 
2 -9999		 
2 -9999		 
2 -9999		 
2 -9999		 
2 -9999		 
3 -9999		 
3 -9999		 
3 -9999		 
3 -9999		 
3 -9999		 
3 -9999		 
3 -9999		 
3 -9999		 
3 -9999		 
3 -9999		 
4 -9999		 
4 -9999		 
4 -9999		 
4 -9999		 
4 -9999		 
4 -9999		 
4 -9999		 
4 -9999		 
4 -9999		 
4 -9999		 
5 -9999		 
5 -9999		 
5 -9999		 
5 -9999		 
5 -9999		 
5 59		 0 0 0 0 1 
5 -9999		 
5 -9999		 
5 -9999		 
5 -9999		 
6 -9999		 
6 -9999		 
6 -9999		 
6 -9999		 
6 -9999		 
6 -9999		 
6 -9999		 
6 -9999		 
6 -9999		 
6 -9999		 
7 -9999		 
7 -9999		 
7 -9999		 
7 81		 0 0 1 0 0 
7 -9999		 
7 99		 0 0 1 0 0 
7 -9999		 
7 -9999		 
7 -9999		 
7 -9999		 
8 -9999		 
8 -9999		 
8 -9999		 
8 -9999		 
8 -9999		 
8 -9999		 
8 -9999		 
8 -9999		 
8 -9999		 
8 -9999		 
9 -9999		 
9 -9999		 
9 -9999		 
9 -9999		 
9 -9999		 
9 -9999		 
9 -9999		 
9 -9999		 
9 -9999		 
9 -9999		 
10 -9999		 
10 -9999		 
10 -9999		 
10 -9999		 
10 -9999		 
10 -9999		 
10 -9999		 
10 -9999		 
10 -9999		 
10 -9999		 
11 -9999		 
11 -9999		 
11 -9999		 
11 100		 1 0 0 0 0 
11 -9999		 
11 -9999		 
11 -9999		 
11 -9999		 
11 -9999		 
11 -9999		 
12 -9999		 
12 -9999		 
12 -9999		 
12 17		 1 0 0 1 0 
12 -9999		 
12 -9999		 
12 -9999		 
12 -9999		 
12 -9999		 
12 -9999		 
13 -9999		 
13 -9999		 
13 -9999		 
13 -9999		 
13 -9999		 
13 -9999		 
13 -9999		 
13 -9999		 
13 -9999		 
13 -9999		 
14 1		 1 0 0 0 0 
14 -9999		 
14 -9999		 
14 -9999		 
14 -9999		 
14 -9999		 
14 -9999		 
14 -9999		 
14 -9999		 
14 -9999		 
15 47		 0 0 1 0 0 
15 -9999		 
15 27		 1 0 0 0 0 
15 -9999		 
15 -9999		 
15 -9999		 
15 -9999		 
15 -9999		 
15 -9999		 
15 -9999		 
16 -9999		 
16 -9999		 
16 -9999		 
16 -9999		 
16 -9999		 
16 -9999		 
16 -9999		 
16 -9999		 
16 -9999		 
16 -9999		 
17 35		 1 0 0 0 0 
17 55		 0 1 0 0 0 
17 18		 0 0 0 1 0 
17 53		 0 0 0 0 1 
17 49		 0 0 0 0 1 
17 34		 1 0 0 0 1 
17 12		 1 0 0 1 0 
17 19		 0 1 0 0 0 
17 59		 0 1 0 0 0 
17 76		 0 0 1 0 0 
18 100		 0 0 1 0 0 
18 17		 0 0 0 1 0 
18 89		 1 0 0 0 0 
18 -9999		 
18 -9999		 
18 -9999		 
18 -9999		 
18 -9999		 
18 -9999		 
18 -9999		 
19 -9999		 
19 1		 0 0 0 0 1 
19 -9999		 
19 17		 0 1 0 0 0 
19 47		 0 0 1 0 0 
19 -9999		 
19 -9999		 
19 -9999		 
19 -9999		 
19 -9999		 
20 -9999		 
20 -9999		 
20 -9999		 
20 -9999		 
20 -9999		 
20 -9999		 
20 -9999		 
20 -9999		 
20 -9999		 
20 -9999		 
21 -9999		 
21 -9999		 
21 -9999		 
21 -9999		 
21 -9999		 
21 -9999		 
21 -9999		 
21 -9999		 
21 -9999		 
21 -9999		 
22 47		 0 0 0 1 0 
22 -9999		 
22 -9999		 
22 -9999		 
22 -9999		 
22 -9999		 
22 -9999		 
22 -9999		 
22 -9999		 
22 -9999		 
23 -9999		 
23 -9999		 
23 -9999		 
23 -9999		 
23 -9999		 
23 -9999		 
23 -9999		 
23 -9999		 
23 -9999		 
23 -9999		 
24 -9999		 
24 -9999		 
24 -9999		 
24 47		 0 0 0 0 1 
24 59		 0 0 0 0 1 
24 -9999		 
24 -9999		 
24 -9999		 
24 -9999		 
24 -9999		 
25 -9999		 
25 -9999		 
25 99		 0 0 1 0 0 
25 -9999		 
25 -9999		 
25 -9999		 
25 -9999		 
25 -9999		 
25 -9999		 
25 -9999		 
26 -9999		 
26 -9999		 
26 -9999		 
26 81		 0 1 0 0 0 
26 -9999		 
26 -9999		 
26 -9999		 
26 -9999		 
26 -9999		 
26 -9999		 
27 83		 1 0 0 1 0 
27 15		 1 0 0 0 0 
27 89		 0 1 0 0 1 
27 96		 0 0 0 1 0 
27 -9999		 
27 86		 0 0 0 0 1 
27 -9999		 
27 67		 0 1 0 0 0 
27 -9999		 
27 85		 0 1 0 0 0 
28 81		 0 0 0 1 0 
28 47		 0 1 0 0 0 
28 99		 0 0 1 0 0 
28 -9999		 
28 -9999		 
28 -9999		 
28 -9999		 
28 -9999		 
28 -9999		 
28 -9999		 
29 -9999		 
29 -9999		 
29 100		 0 0 0 0 1 
29 -9999		 
29 -9999		 
29 -9999		 
29 -9999		 
29 -9999		 
29 -9999		 
29 -9999		 
30 -9999		 
30 -9999		 
30 -9999		 
30 -9999		 
30 -9999		 
30 -9999		 
30 -9999		 
30 -9999		 
30 -9999		 
30 -9999		 
31 -9999		 
31 1		 1 0 0 0 0 
31 -9999		 
31 -9999		 
31 -9999		 
31 -9999		 
31 -9999		 
31 -9999		 
31 -9999		 
31 -9999		 
32 -9999		 
32 -9999		 
32 -9999		 
32 -9999		 
32 -9999		 
32 -9999		 
32 -9999		 
32 -9999		 
32 -9999		 
32 -9999		 
33 -9999		 
33 -9999		 
33 -9999		 
33 -9999		 
33 -9999		 
33 -9999		 
33 -9999		 
33 -9999		 
33 -9999		 
33 -9999		 
34 -9999		 
34 17		 1 0 0 0 1 
34 89		 1 0 0 0 0 
34 1		 0 1 0 0 0 
34 -9999		 
34 -9999		 
34 -9999		 
34 47		 0 1 0 0 0 
34 -9999		 
34 -9999		 
35 89		 0 0 0 1 0 
35 -9999		 
35 -9999		 
35 -9999		 
35 -9999		 
35 -9999		 
35 17		 1 0 0 0 0 
35 -9999		 
35 -9999		 
35 -9999		 
36 59		 0 1 0 0 0 
36 81		 0 1 0 0 0 
36 -9999		 
36 -9999		 
36 -9999		 
36 -9999		 
36 -9999		 
36 -9999		 
36 -9999		 
36 -9999		 
37 81		 0 0 0 1 0 
37 -9999		 
37 59		 1 0 0 0 0 
37 -9999		 
37 99		 0 0 0 0 1 
37 89		 1 0 1 0 0 
37 -9999		 
37 -9999		 
37 -9999		 
37 -9999		 
38 -9999		 
38 -9999		 
38 -9999		 
38 -9999		 
38 -9999		 
38 -9999		 
38 -9999		 
38 -9999		 
38 -9999		 
38 -9999		 
39 -9999		 
39 -9999		 
39 -9999		 
39 -9999		 
39 -9999		 
39 -9999		 
39 -9999		 
39 -9999		 
39 -9999		 
39 -9999		 
40 -9999		 
40 -9999		 
40 -9999		 
40 -9999		 
40 -9999		 
40 -9999		 
40 -9999		 
40 -9999		 
40 -9999		 
40 -9999		 
41 -9999		 
41 -9999		 
41 -9999		 
41 -9999		 
41 -9999		 
41 -9999		 
41 -9999		 
41 -9999		 
41 -9999		 
41 -9999		 
42 100		 1 0 0 0 0 
42 -9999		 
42 -9999		 
42 -9999		 
42 -9999		 
42 -9999		 
42 -9999		 
42 -9999		 
42 -9999		 
42 -9999		 
43 89		 0 0 0 1 0 
43 -9999		 
43 -9999		 
43 -9999		 
43 -9999		 
43 -9999		 
43 -9999		 
43 -9999		 
43 -9999		 
43 -9999		 
44 -9999		 
44 -9999		 
44 -9999		 
44 -9999		 
44 -9999		 
44 -9999		 
44 -9999		 
44 -9999		 
44 -9999		 
44 -9999		 
45 99		 0 0 0 1 0 
45 -9999		 
45 -9999		 
45 -9999		 
45 -9999		 
45 -9999		 
45 -9999		 
45 -9999		 
45 -9999		 
45 -9999		 
46 -9999		 
46 -9999		 
46 -9999		 
46 -9999		 
46 -9999		 
46 -9999		 
46 -9999		 
46 -9999		 
46 -9999		 
46 -9999		 
47 34		 0 1 0 0 0 
47 87		 0 0 0 1 0 
47 24		 0 0 0 0 1 
47 28		 0 1 0 0 0 
47 88		 0 0 0 0 1 
47 51		 1 0 0 0 0 
47 62		 0 0 0 0 1 
47 69		 1 0 0 0 0 
47 80		 1 0 1 0 0 
47 94		 0 0 0 0 1 
47 77		0 0 0 1 0 
47 22		0 0 0 1 0 
47 67		0 0 1 0 0 
47 19		0 0 1 0 0 
47 15		0 0 1 0 0 
48 -9999		 
48 -9999		 
48 -9999		 
48 -9999		 
48 -9999		 
48 -9999		 
48 -9999		 
48 -9999		 
48 -9999		 
48 -9999		 
49 17		 0 0 0 0 1 
49 -9999		 
49 -9999		 
49 -9999		 
49 -9999		 
49 -9999		 
49 -9999		 
49 -9999		 
49 -9999		 
49 -9999		 
50 1		 0 0 1 0 0 
50 -9999		 
50 -9999		 
50 -9999		 
50 -9999		 
50 89		 0 1 0 0 0 
50 -9999		 
50 -9999		 
50 -9999		 
50 81		 1 0 0 0 0 
51 81		 0 0 0 1 0 
51 -9999		 
51 -9999		 
51 -9999		 
51 -9999		 
51 47		 1 0 0 0 0 
51 -9999		 
51 -9999		 
51 -9999		 
51 -9999		 
52 -9999		 
52 -9999		 
52 -9999		 
52 -9999		 
52 59		 0 1 0 0 0 
52 -9999		 
52 -9999		 
52 -9999		 
52 -9999		 
52 -9999		 
53 -9999		 
53 -9999		 
53 -9999		 
53 -9999		 
53 17		 0 0 0 0 1 
53 59		 1 0 0 0 0 
53 -9999		 
53 -9999		 
53 -9999		 
53 -9999		 
54 -9999		 
54 -9999		 
54 -9999		 
54 -9999		 
54 -9999		 
54 -9999		 
54 -9999		 
54 -9999		 
54 -9999		 
54 -9999		 
55 -9999		 
55 -9999		 
55 -9999		 
55 -9999		 
55 17		 0 1 0 0 0 
55 -9999		 
55 -9999		 
55 -9999		 
55 -9999		 
55 -9999		 
56 -9999		 
56 -9999		 
56 -9999		 
56 -9999		 
56 -9999		 
56 -9999		 
56 -9999		 
56 -9999		 
56 -9999		 
56 -9999		 
57 -9999		 
57 -9999		 
57 -9999		 
57 -9999		 
57 -9999		 
57 -9999		 
57 -9999		 
57 -9999		 
57 -9999		 
57 -9999		 
58 -9999		 
58 -9999		 
58 -9999		 
58 -9999		 
58 -9999		 
58 -9999		 
58 -9999		 
58 -9999		 
58 -9999		 
58 -9999		 
59 78		 1 0 0 0 0 
59 91		 0 0 0 0 1 
59 76		 0 0 1 0 0 
59 68		 1 0 0 0 0 
59 74		 0 0 0 0 1 
59 24		 0 0 0 0 1 
59 53		 1 0 0 0 0 
59 37		 1 0 0 0 0 
59 52		 0 1 0 0 0 
59 36		 0 1 0 0 0 
59 17		0 1 0 0 0 
59 5		0 0 0 0 1 
60 -9999		 
60 -9999		 
60 -9999		 
60 -9999		 
60 -9999		 
60 -9999		 
60 -9999		 
60 -9999		 
60 -9999		 
60 -9999		 
61 100		 0 0 0 1 0 
61 -9999		 
61 -9999		 
61 -9999		 
61 -9999		 
61 -9999		 
61 -9999		 
61 -9999		 
61 -9999		 
61 -9999		 
62 -9999		 
62 -9999		 
62 -9999		 
62 -9999		 
62 47		 0 0 0 0 1 
62 -9999		 
62 -9999		 
62 -9999		 
62 -9999		 
62 -9999		 
63 -9999		 
63 -9999		 
63 -9999		 
63 -9999		 
63 -9999		 
63 -9999		 
63 -9999		 
63 -9999		 
63 -9999		 
63 -9999		 
64 -9999		 
64 -9999		 
64 -9999		 
64 -9999		 
64 -9999		 
64 -9999		 
64 -9999		 
64 -9999		 
64 -9999		 
64 -9999		 
65 -9999		 
65 -9999		 
65 -9999		 
65 -9999		 
65 -9999		 
65 -9999		 
65 -9999		 
65 -9999		 
65 -9999		 
65 -9999		 
66 -9999		 
66 -9999		 
66 -9999		 
66 -9999		 
66 -9999		 
66 -9999		 
66 -9999		 
66 -9999		 
66 -9999		 
66 -9999		 
67 -9999		 
67 27		 0 1 0 0 0 
67 -9999		 
67 47		 0 0 1 0 0 
67 -9999		 
67 -9999		 
67 -9999		 
67 -9999		 
67 -9999		 
67 -9999		 
68 59		 1 0 0 0 0 
68 -9999		 
68 -9999		 
68 89		 0 0 0 0 1 
68 -9999		 
68 -9999		 
68 -9999		 
68 -9999		 
68 -9999		 
68 -9999		 
69 -9999		 
69 -9999		 
69 -9999		 
69 -9999		 
69 -9999		 
69 47		 1 0 0 0 0 
69 -9999		 
69 -9999		 
69 -9999		 
69 -9999		 
70 -9999		 
70 -9999		 
70 -9999		 
70 -9999		 
70 -9999		 
70 -9999		 
70 -9999		 
70 -9999		 
70 -9999		 
70 -9999		 
71 99		 0 0 1 0 0 
71 -9999		 
71 -9999		 
71 -9999		 
71 -9999		 
71 -9999		 
71 -9999		 
71 -9999		 
71 -9999		 
71 -9999		 
72 99		 0 0 0 1 0 
72 -9999		 
72 -9999		 
72 -9999		 
72 89		 0 0 0 0 1 
72 -9999		 
72 -9999		 
72 -9999		 
72 -9999		 
72 -9999		 
73 99		 0 0 1 0 0 
73 -9999		 
73 -9999		 
73 1		 1 0 0 0 0 
73 -9999		 
73 -9999		 
73 -9999		 
73 -9999		 
73 -9999		 
73 -9999		 
74 -9999		 
74 81		 1 0 0 0 0 
74 -9999		 
74 59		 0 0 0 0 1 
74 -9999		 
74 -9999		 
74 -9999		 
74 -9999		 
74 -9999		 
74 -9999		 
75 -9999		 
75 -9999		 
75 -9999		 
75 -9999		 
75 -9999		 
75 -9999		 
75 -9999		 
75 -9999		 
75 -9999		 
75 -9999		 
76 17		 0 0 1 0 0 
76 59		 0 0 1 0 0 
76 -9999		 
76 -9999		 
76 -9999		 
76 -9999		 
76 -9999		 
76 -9999		 
76 -9999		 
76 -9999		 
77 47		 0 0 0 1 0 
77 -9999		 
77 -9999		 
77 -9999		 
77 -9999		 
77 -9999		 
77 -9999		 
77 -9999		 
77 -9999		 
77 -9999		 
78 -9999		 
78 -9999		 
78 -9999		 
78 -9999		 
78 59		 1 0 0 0 0 
78 -9999		 
78 -9999		 
78 -9999		 
78 -9999		 
78 -9999		 
79 -9999		 
79 -9999		 
79 -9999		 
79 -9999		 
79 -9999		 
79 -9999		 
79 -9999		 
79 -9999		 
79 -9999		 
79 -9999		 
80 -9999		 
80 47		 1 0 1 0 0 
80 -9999		 
80 -9999		 
80 -9999		 
80 -9999		 
80 -9999		 
80 -9999		 
80 -9999		 
80 -9999		 
81 36		 0 1 0 0 0 
81 7		 0 0 1 0 0 
81 94		 1 0 0 0 0 
81 50		 1 0 0 0 0 
81 26		 0 1 0 0 0 
81 93		 1 0 0 0 1 
81 28		 0 0 0 1 0 
81 37		 0 0 0 1 0 
81 51		 0 0 0 1 0 
81 74		 1 0 0 0 0 
82 -9999		 
82 -9999		 
82 -9999		 
82 -9999		 
82 99		 1 0 0 0 0 
82 -9999		 
82 -9999		 
82 -9999		 
82 -9999		 
82 -9999		 
83 -9999		 
83 1		 1 0 0 0 0 
83 -9999		 
83 -9999		 
83 -9999		 
83 -9999		 
83 -9999		 
83 -9999		 
83 27		 1 0 0 1 0 
83 -9999		 
84 100		 0 1 0 0 0 
84 -9999		 
84 -9999		 
84 -9999		 
84 -9999		 
84 -9999		 
84 -9999		 
84 -9999		 
84 -9999		 
84 -9999		 
85 27		 0 1 0 0 0 
85 -9999		 
85 -9999		 
85 -9999		 
85 -9999		 
85 -9999		 
85 -9999		 
85 -9999		 
85 -9999		 
85 -9999		 
86 -9999		 
86 27		 0 0 0 0 1 
86 -9999		 
86 -9999		 
86 -9999		 
86 -9999		 
86 -9999		 
86 -9999		 
86 -9999		 
86 -9999		 
87 -9999		 
87 89		 1 0 0 0 0 
87 47		 0 0 0 1 0 
87 -9999		 
87 -9999		 
87 -9999		 
87 -9999		 
87 -9999		 
87 -9999		 
87 -9999		 
88 -9999		 
88 47		 0 0 0 0 1 
88 -9999		 
88 -9999		 
88 -9999		 
88 -9999		 
88 -9999		 
88 -9999		 
88 -9999		 
88 -9999		 
89 43		 0 0 0 1 0 
89 35		 0 0 0 1 0 
89 27		 0 1 0 0 1 
89 50		 0 1 0 0 0 
89 68		 0 0 0 0 1 
89 18		 1 0 0 0 0 
89 87		 1 0 0 0 0 
89 37		 1 0 1 0 0 
89 72		 0 0 0 0 1 
89 34		 1 0 0 0 0 
89 96		0 0 1 0 0 
90 -9999		 
90 -9999		 
90 -9999		 
90 -9999		 
90 -9999		 
90 -9999		 
90 -9999		 
90 -9999		 
90 -9999		 
90 -9999		 
91 -9999		 
91 1		 1 0 0 0 0 
91 -9999		 
91 -9999		 
91 -9999		 
91 59		 0 0 0 0 1 
91 -9999		 
91 -9999		 
91 -9999		 
91 -9999		 
92 -9999		 
92 -9999		 
92 -9999		 
92 -9999		 
92 -9999		 
92 -9999		 
92 -9999		 
92 -9999		 
92 -9999		 
92 -9999		 
93 -9999		 
93 -9999		 
93 -9999		 
93 -9999		 
93 -9999		 
93 -9999		 
93 -9999		 
93 -9999		 
93 -9999		 
93 81		 1 0 0 0 1 
94 -9999		 
94 -9999		 
94 81		 1 0 0 0 0 
94 -9999		 
94 -9999		 
94 -9999		 
94 -9999		 
94 -9999		 
94 47		 0 0 0 0 1 
94 -9999		 
95 -9999		 
95 -9999		 
95 -9999		 
95 -9999		 
95 -9999		 
95 -9999		 
95 -9999		 
95 -9999		 
95 -9999		 
95 -9999		 
96 89		 0 0 1 0 0 
96 27		 0 0 0 1 0 
96 -9999		 
96 -9999		 
96 -9999		 
96 -9999		 
96 -9999		 
96 -9999		 
96 -9999		 
96 -9999		 
97 -9999		 
97 -9999		 
97 -9999		 
97 -9999		 
97 -9999		 
97 -9999		 
97 -9999		 
97 -9999		 
97 -9999		 
97 -9999		 
98 -9999		 
98 -9999		 
98 1		 0 0 0 0 1 
98 -9999		 
98 -9999		 
98 -9999		 
98 -9999		 
98 -9999		 
98 -9999		 
98 -9999		 
99 37		 0 0 0 0 1 
99 82		 1 0 0 0 0 
99 7		 0 0 1 0 0 
99 25		 0 0 1 0 0 
99 28		 0 0 1 0 0 
99 71		 0 0 1 0 0 
99 73		 0 0 1 0 0 
99 45		 0 0 0 1 0 
99 72		 0 0 0 1 0 
99 -9999		 
100 11		 1 0 0 0 0 
100 -9999		 
100 18		 0 0 1 0 0 
100 42		 1 0 0 0 0 
100 84		 0 1 0 0 0 
100 29		 0 0 0 0 1 
100 61		 0 0 0 1 0 
100 -9999		 
100 -9999		 
100 -9999		 
