1 4		 0 0 0 1 0 
1 12		 0 1 0 0 0 
1 -9999		 
1 67		 0 1 0 0 0 
1 31		 0 1 0 0 0 
1 87		 0 0 1 0 0 
1 17		 0 0 0 1 0 
1 89		 0 0 0 0 1 
1 -9999		 
1 95		 0 0 0 1 0 
2 -9999		 
2 -9999		 
2 -9999		 
2 -9999		 
2 -9999		 
2 -9999		 
2 -9999		 
2 -9999		 
2 -9999		 
2 -9999		 
3 -9999		 
3 -9999		 
3 -9999		 
3 -9999		 
3 -9999		 
3 -9999		 
3 -9999		 
3 -9999		 
3 -9999		 
3 -9999		 
4 100		 0 1 0 0 0 
4 1		 0 0 0 1 0 
4 -9999		 
4 -9999		 
4 -9999		 
4 -9999		 
4 -9999		 
4 -9999		 
4 -9999		 
4 -9999		 
5 -9999		 
5 -9999		 
5 -9999		 
5 -9999		 
5 -9999		 
5 -9999		 
5 -9999		 
5 -9999		 
5 -9999		 
5 -9999		 
6 -9999		 
6 -9999		 
6 -9999		 
6 -9999		 
6 -9999		 
6 -9999		 
6 -9999		 
6 -9999		 
6 -9999		 
6 -9999		 
7 89		 1 0 0 0 0 
7 27		 0 0 0 1 0 
7 -9999		 
7 -9999		 
7 -9999		 
7 -9999		 
7 -9999		 
7 -9999		 
7 -9999		 
7 -9999		 
8 -9999		 
8 -9999		 
8 -9999		 
8 -9999		 
8 -9999		 
8 -9999		 
8 -9999		 
8 -9999		 
8 -9999		 
8 -9999		 
9 -9999		 
9 -9999		 
9 -9999		 
9 -9999		 
9 -9999		 
9 -9999		 
9 -9999		 
9 -9999		 
9 -9999		 
9 -9999		 
10 89		 0 0 1 0 0 
10 -9999		 
10 -9999		 
10 -9999		 
10 -9999		 
10 -9999		 
10 -9999		 
10 -9999		 
10 -9999		 
10 -9999		 
11 -9999		 
11 -9999		 
11 -9999		 
11 -9999		 
11 -9999		 
11 -9999		 
11 -9999		 
11 -9999		 
11 -9999		 
11 -9999		 
12 -9999		 
12 1		 0 1 0 0 0 
12 -9999		 
12 -9999		 
12 -9999		 
12 -9999		 
12 -9999		 
12 -9999		 
12 -9999		 
12 -9999		 
13 -9999		 
13 100		 0 0 0 1 0 
13 -9999		 
13 -9999		 
13 -9999		 
13 -9999		 
13 -9999		 
13 -9999		 
13 -9999		 
13 -9999		 
14 47		 1 0 0 0 0 
14 17		 0 0 0 1 0 
14 -9999		 
14 -9999		 
14 -9999		 
14 -9999		 
14 -9999		 
14 -9999		 
14 -9999		 
14 -9999		 
15 -9999		 
15 -9999		 
15 -9999		 
15 -9999		 
15 -9999		 
15 -9999		 
15 -9999		 
15 -9999		 
15 -9999		 
15 -9999		 
16 59		 0 0 1 0 0 
16 100		 0 0 0 0 1 
16 -9999		 
16 -9999		 
16 -9999		 
16 -9999		 
16 -9999		 
16 -9999		 
16 -9999		 
16 -9999		 
17 46		 1 0 0 0 0 
17 50		 1 0 0 0 0 
17 1		 0 0 0 1 0 
17 97		 0 0 0 0 1 
17 -9999		 
17 82		 1 0 0 0 0 
17 63		 0 1 0 0 0 
17 27		 0 1 0 0 0 
17 94		 0 0 1 0 0 
17 14		 0 0 0 1 0 
18 59		 0 1 0 0 0 
18 47		 0 0 0 0 1 
18 -9999		 
18 -9999		 
18 -9999		 
18 -9999		 
18 -9999		 
18 -9999		 
18 -9999		 
18 -9999		 
19 27		 1 0 0 1 0 
19 -9999		 
19 100		 0 0 0 1 0 
19 -9999		 
19 -9999		 
19 -9999		 
19 -9999		 
19 -9999		 
19 -9999		 
19 -9999		 
20 81		 1 0 0 0 0 
20 47		 0 0 0 0 1 
20 -9999		 
20 -9999		 
20 -9999		 
20 -9999		 
20 -9999		 
20 -9999		 
20 -9999		 
20 -9999		 
21 27		 0 1 0 0 0 
21 59		 0 1 0 0 0 
21 47		 0 0 0 1 0 
21 -9999		 
21 -9999		 
21 -9999		 
21 -9999		 
21 -9999		 
21 -9999		 
21 -9999		 
22 47		 0 1 0 0 1 
22 -9999		 
22 -9999		 
22 -9999		 
22 -9999		 
22 -9999		 
22 -9999		 
22 -9999		 
22 -9999		 
22 -9999		 
23 -9999		 
23 -9999		 
23 -9999		 
23 -9999		 
23 -9999		 
23 -9999		 
23 -9999		 
23 -9999		 
23 -9999		 
23 -9999		 
24 -9999		 
24 -9999		 
24 -9999		 
24 -9999		 
24 -9999		 
24 -9999		 
24 -9999		 
24 -9999		 
24 -9999		 
24 -9999		 
25 -9999		 
25 -9999		 
25 -9999		 
25 -9999		 
25 -9999		 
25 -9999		 
25 -9999		 
25 -9999		 
25 -9999		 
25 -9999		 
26 -9999		 
26 -9999		 
26 -9999		 
26 -9999		 
26 -9999		 
26 -9999		 
26 -9999		 
26 -9999		 
26 -9999		 
26 -9999		 
27 55		 0 0 0 1 0 
27 65		 1 0 0 0 0 
27 50		 0 0 0 1 0 
27 41		 0 0 0 1 0 
27 63		 0 0 0 0 1 
27 89		 1 0 0 0 0 
27 17		 0 1 0 0 0 
27 21		 0 1 0 0 0 
27 19		 1 0 0 1 0 
27 7		 0 0 0 1 0 
27 93		0 0 0 1 0 
27 85		0 0 0 1 0 
27 62		0 0 0 1 0 
28 -9999		 
28 -9999		 
28 -9999		 
28 -9999		 
28 -9999		 
28 -9999		 
28 -9999		 
28 -9999		 
28 -9999		 
28 -9999		 
29 -9999		 
29 -9999		 
29 -9999		 
29 -9999		 
29 -9999		 
29 -9999		 
29 -9999		 
29 -9999		 
29 -9999		 
29 -9999		 
30 -9999		 
30 -9999		 
30 -9999		 
30 -9999		 
30 -9999		 
30 -9999		 
30 -9999		 
30 -9999		 
30 -9999		 
30 -9999		 
31 1		 0 1 0 0 0 
31 -9999		 
31 -9999		 
31 -9999		 
31 -9999		 
31 -9999		 
31 -9999		 
31 -9999		 
31 -9999		 
31 -9999		 
32 -9999		 
32 81		 1 0 0 0 0 
32 -9999		 
32 -9999		 
32 -9999		 
32 -9999		 
32 -9999		 
32 -9999		 
32 -9999		 
32 -9999		 
33 -9999		 
33 -9999		 
33 -9999		 
33 -9999		 
33 -9999		 
33 -9999		 
33 -9999		 
33 -9999		 
33 -9999		 
33 -9999		 
34 -9999		 
34 100		 0 1 0 0 0 
34 -9999		 
34 -9999		 
34 -9999		 
34 -9999		 
34 -9999		 
34 -9999		 
34 -9999		 
34 -9999		 
35 -9999		 
35 -9999		 
35 -9999		 
35 -9999		 
35 -9999		 
35 -9999		 
35 -9999		 
35 -9999		 
35 -9999		 
35 -9999		 
36 -9999		 
36 -9999		 
36 -9999		 
36 -9999		 
36 -9999		 
36 -9999		 
36 -9999		 
36 -9999		 
36 -9999		 
36 -9999		 
37 100		 0 0 0 0 1 
37 -9999		 
37 -9999		 
37 -9999		 
37 -9999		 
37 -9999		 
37 -9999		 
37 -9999		 
37 -9999		 
37 -9999		 
38 99		 0 0 1 0 0 
38 -9999		 
38 -9999		 
38 -9999		 
38 -9999		 
38 -9999		 
38 -9999		 
38 -9999		 
38 -9999		 
38 -9999		 
39 -9999		 
39 -9999		 
39 -9999		 
39 -9999		 
39 -9999		 
39 -9999		 
39 -9999		 
39 -9999		 
39 -9999		 
39 -9999		 
40 -9999		 
40 -9999		 
40 -9999		 
40 -9999		 
40 -9999		 
40 -9999		 
40 -9999		 
40 -9999		 
40 -9999		 
40 -9999		 
41 27		 0 0 0 1 0 
41 -9999		 
41 -9999		 
41 -9999		 
41 -9999		 
41 -9999		 
41 -9999		 
41 -9999		 
41 -9999		 
41 -9999		 
42 81		 0 0 1 0 0 
42 -9999		 
42 -9999		 
42 -9999		 
42 -9999		 
42 -9999		 
42 -9999		 
42 -9999		 
42 -9999		 
42 -9999		 
43 -9999		 
43 -9999		 
43 -9999		 
43 -9999		 
43 -9999		 
43 -9999		 
43 -9999		 
43 -9999		 
43 -9999		 
43 -9999		 
44 -9999		 
44 -9999		 
44 -9999		 
44 -9999		 
44 -9999		 
44 -9999		 
44 -9999		 
44 -9999		 
44 -9999		 
44 -9999		 
45 89		 0 1 0 1 0 
45 -9999		 
45 -9999		 
45 -9999		 
45 -9999		 
45 -9999		 
45 -9999		 
45 -9999		 
45 -9999		 
45 -9999		 
46 -9999		 
46 -9999		 
46 17		 1 0 0 0 0 
46 -9999		 
46 -9999		 
46 -9999		 
46 -9999		 
46 -9999		 
46 -9999		 
46 -9999		 
47 22		 0 1 0 0 1 
47 18		 0 0 0 0 1 
47 55		 0 0 0 0 1 
47 21		 0 0 0 1 0 
47 81		 0 0 1 0 0 
47 14		 1 0 0 0 0 
47 69		 0 0 0 1 0 
47 20		 0 0 0 0 1 
47 62		 0 0 1 0 0 
47 48		 0 0 0 0 1 
48 47		 0 0 0 0 1 
48 -9999		 
48 -9999		 
48 -9999		 
48 -9999		 
48 -9999		 
48 -9999		 
48 -9999		 
48 -9999		 
48 -9999		 
49 99		 0 0 0 1 0 
49 59		 1 0 0 0 0 
49 -9999		 
49 -9999		 
49 -9999		 
49 -9999		 
49 -9999		 
49 -9999		 
49 -9999		 
49 -9999		 
50 27		 0 0 0 1 0 
50 17		 1 0 0 0 0 
50 -9999		 
50 -9999		 
50 -9999		 
50 -9999		 
50 -9999		 
50 -9999		 
50 -9999		 
50 -9999		 
51 -9999		 
51 -9999		 
51 -9999		 
51 -9999		 
51 -9999		 
51 -9999		 
51 -9999		 
51 -9999		 
51 -9999		 
51 -9999		 
52 -9999		 
52 -9999		 
52 -9999		 
52 -9999		 
52 -9999		 
52 -9999		 
52 -9999		 
52 -9999		 
52 -9999		 
52 -9999		 
53 -9999		 
53 -9999		 
53 -9999		 
53 -9999		 
53 -9999		 
53 -9999		 
53 -9999		 
53 -9999		 
53 -9999		 
53 -9999		 
54 81		 0 0 1 0 0 
54 100		 0 0 1 0 0 
54 -9999		 
54 -9999		 
54 -9999		 
54 -9999		 
54 -9999		 
54 -9999		 
54 -9999		 
54 -9999		 
55 27		 0 0 0 1 0 
55 47		 0 0 0 0 1 
55 -9999		 
55 -9999		 
55 -9999		 
55 -9999		 
55 -9999		 
55 -9999		 
55 -9999		 
55 -9999		 
56 -9999		 
56 -9999		 
56 -9999		 
56 -9999		 
56 -9999		 
56 -9999		 
56 -9999		 
56 -9999		 
56 -9999		 
56 -9999		 
57 -9999		 
57 -9999		 
57 -9999		 
57 -9999		 
57 -9999		 
57 -9999		 
57 -9999		 
57 -9999		 
57 -9999		 
57 -9999		 
58 59		 0 1 0 0 0 
58 100		 0 0 0 1 1 
58 -9999		 
58 -9999		 
58 -9999		 
58 -9999		 
58 -9999		 
58 -9999		 
58 -9999		 
58 -9999		 
59 49		 1 0 0 0 0 
59 67		 0 0 0 0 1 
59 82		 0 0 0 1 0 
59 62		 0 1 0 0 0 
59 16		 0 0 1 0 0 
59 18		 0 1 0 0 0 
59 71		 0 0 0 1 0 
59 92		 0 1 0 0 0 
59 69		 0 0 1 0 0 
59 61		 0 1 0 0 0 
59 85		0 1 0 0 0 
59 58		0 1 0 0 0 
59 21		0 1 0 0 0 
60 -9999		 
60 -9999		 
60 -9999		 
60 -9999		 
60 -9999		 
60 -9999		 
60 -9999		 
60 -9999		 
60 -9999		 
60 -9999		 
61 59		 0 1 0 0 0 
61 -9999		 
61 -9999		 
61 -9999		 
61 -9999		 
61 -9999		 
61 -9999		 
61 -9999		 
61 -9999		 
61 -9999		 
62 47		 0 0 1 0 0 
62 99		 1 0 0 0 0 
62 59		 0 1 0 0 0 
62 27		 0 0 0 1 0 
62 -9999		 
62 -9999		 
62 -9999		 
62 -9999		 
62 -9999		 
62 -9999		 
63 17		 0 1 0 0 0 
63 27		 0 0 0 0 1 
63 -9999		 
63 -9999		 
63 -9999		 
63 -9999		 
63 -9999		 
63 -9999		 
63 -9999		 
63 -9999		 
64 -9999		 
64 -9999		 
64 -9999		 
64 -9999		 
64 -9999		 
64 -9999		 
64 -9999		 
64 -9999		 
64 -9999		 
64 -9999		 
65 -9999		 
65 27		 1 0 0 0 0 
65 -9999		 
65 -9999		 
65 -9999		 
65 -9999		 
65 -9999		 
65 -9999		 
65 -9999		 
65 -9999		 
66 -9999		 
66 -9999		 
66 -9999		 
66 -9999		 
66 -9999		 
66 -9999		 
66 -9999		 
66 -9999		 
66 -9999		 
66 -9999		 
67 1		 0 1 0 0 0 
67 89		 0 0 1 0 0 
67 59		 0 0 0 0 1 
67 -9999		 
67 -9999		 
67 -9999		 
67 -9999		 
67 -9999		 
67 -9999		 
67 -9999		 
68 -9999		 
68 -9999		 
68 -9999		 
68 -9999		 
68 -9999		 
68 -9999		 
68 -9999		 
68 -9999		 
68 -9999		 
68 -9999		 
69 59		 0 0 1 0 0 
69 -9999		 
69 47		 0 0 0 1 0 
69 81		 0 1 0 0 0 
69 -9999		 
69 -9999		 
69 -9999		 
69 -9999		 
69 -9999		 
69 -9999		 
70 -9999		 
70 -9999		 
70 -9999		 
70 -9999		 
70 -9999		 
70 -9999		 
70 -9999		 
70 -9999		 
70 -9999		 
70 -9999		 
71 59		 0 0 0 1 0 
71 -9999		 
71 -9999		 
71 -9999		 
71 -9999		 
71 -9999		 
71 -9999		 
71 -9999		 
71 -9999		 
71 -9999		 
72 -9999		 
72 -9999		 
72 -9999		 
72 -9999		 
72 -9999		 
72 -9999		 
72 -9999		 
72 -9999		 
72 -9999		 
72 -9999		 
73 -9999		 
73 -9999		 
73 -9999		 
73 -9999		 
73 -9999		 
73 -9999		 
73 -9999		 
73 -9999		 
73 -9999		 
73 -9999		 
74 89		 0 0 1 0 0 
74 -9999		 
74 -9999		 
74 -9999		 
74 -9999		 
74 -9999		 
74 -9999		 
74 -9999		 
74 -9999		 
74 -9999		 
75 -9999		 
75 -9999		 
75 100		 0 0 1 0 0 
75 -9999		 
75 -9999		 
75 -9999		 
75 -9999		 
75 -9999		 
75 -9999		 
75 -9999		 
76 -9999		 
76 -9999		 
76 -9999		 
76 -9999		 
76 -9999		 
76 -9999		 
76 -9999		 
76 -9999		 
76 -9999		 
76 -9999		 
77 -9999		 
77 -9999		 
77 -9999		 
77 -9999		 
77 -9999		 
77 -9999		 
77 -9999		 
77 -9999		 
77 -9999		 
77 -9999		 
78 81		 0 1 0 0 0 
78 -9999		 
78 -9999		 
78 -9999		 
78 -9999		 
78 -9999		 
78 -9999		 
78 -9999		 
78 -9999		 
78 -9999		 
79 -9999		 
79 -9999		 
79 -9999		 
79 -9999		 
79 -9999		 
79 -9999		 
79 -9999		 
79 -9999		 
79 -9999		 
79 -9999		 
80 -9999		 
80 -9999		 
80 -9999		 
80 -9999		 
80 -9999		 
80 -9999		 
80 -9999		 
80 -9999		 
80 -9999		 
80 -9999		 
81 96		 0 0 1 0 0 
81 85		 0 0 1 0 0 
81 100		 1 0 0 0 0 
81 32		 1 0 0 0 0 
81 20		 1 0 0 0 0 
81 47		 0 0 1 0 0 
81 87		 0 0 0 1 0 
81 91		 1 0 0 0 0 
81 54		 0 0 1 0 0 
81 42		 0 0 1 0 0 
81 78		0 1 0 0 0 
81 69		0 1 0 0 0 
82 17		 1 0 0 0 0 
82 59		 0 0 0 1 0 
82 -9999		 
82 -9999		 
82 -9999		 
82 -9999		 
82 -9999		 
82 -9999		 
82 -9999		 
82 -9999		 
83 -9999		 
83 -9999		 
83 -9999		 
83 -9999		 
83 -9999		 
83 -9999		 
83 -9999		 
83 -9999		 
83 -9999		 
83 -9999		 
84 -9999		 
84 89		 0 1 0 0 0 
84 -9999		 
84 -9999		 
84 -9999		 
84 -9999		 
84 -9999		 
84 -9999		 
84 -9999		 
84 -9999		 
85 59		 0 1 0 0 0 
85 81		 0 0 1 0 0 
85 100		 1 0 0 0 0 
85 27		 0 0 0 1 0 
85 -9999		 
85 -9999		 
85 -9999		 
85 -9999		 
85 -9999		 
85 -9999		 
86 100		 0 0 0 0 1 
86 -9999		 
86 -9999		 
86 -9999		 
86 -9999		 
86 -9999		 
86 -9999		 
86 -9999		 
86 -9999		 
86 -9999		 
87 81		 0 0 0 1 0 
87 -9999		 
87 1		 0 0 1 0 0 
87 -9999		 
87 -9999		 
87 -9999		 
87 -9999		 
87 -9999		 
87 -9999		 
87 -9999		 
88 -9999		 
88 -9999		 
88 -9999		 
88 -9999		 
88 -9999		 
88 -9999		 
88 -9999		 
88 -9999		 
88 -9999		 
88 -9999		 
89 10		 0 0 1 0 0 
89 7		 1 0 0 0 0 
89 67		 0 0 1 0 0 
89 1		 0 0 0 0 1 
89 27		 1 0 0 0 0 
89 45		 0 1 0 1 0 
89 74		 0 0 1 0 0 
89 96		 1 0 0 0 0 
89 84		 0 1 0 0 0 
89 -9999		 
90 99		 0 0 0 1 0 
90 -9999		 
90 -9999		 
90 -9999		 
90 -9999		 
90 -9999		 
90 -9999		 
90 -9999		 
90 -9999		 
90 -9999		 
91 81		 1 0 0 0 0 
91 -9999		 
91 -9999		 
91 -9999		 
91 -9999		 
91 -9999		 
91 -9999		 
91 -9999		 
91 -9999		 
91 -9999		 
92 59		 0 1 0 0 0 
92 -9999		 
92 -9999		 
92 -9999		 
92 -9999		 
92 -9999		 
92 -9999		 
92 -9999		 
92 -9999		 
92 -9999		 
93 27		 0 0 0 1 0 
93 -9999		 
93 -9999		 
93 -9999		 
93 -9999		 
93 -9999		 
93 -9999		 
93 -9999		 
93 -9999		 
93 -9999		 
94 -9999		 
94 17		 0 0 1 0 0 
94 -9999		 
94 -9999		 
94 -9999		 
94 -9999		 
94 -9999		 
94 -9999		 
94 -9999		 
94 -9999		 
95 -9999		 
95 -9999		 
95 1		 0 0 0 1 0 
95 -9999		 
95 -9999		 
95 -9999		 
95 -9999		 
95 -9999		 
95 -9999		 
95 -9999		 
96 89		 1 0 0 0 0 
96 81		 0 0 1 0 0 
96 -9999		 
96 -9999		 
96 -9999		 
96 -9999		 
96 -9999		 
96 -9999		 
96 -9999		 
96 -9999		 
97 17		 0 0 0 0 1 
97 99		 0 0 0 0 1 
97 -9999		 
97 -9999		 
97 -9999		 
97 -9999		 
97 -9999		 
97 -9999		 
97 -9999		 
97 -9999		 
98 -9999		 
98 -9999		 
98 -9999		 
98 -9999		 
98 -9999		 
98 -9999		 
98 -9999		 
98 -9999		 
98 -9999		 
98 -9999		 
99 38		 0 0 1 0 0 
99 49		 0 0 0 1 0 
99 97		 0 0 0 0 1 
99 -9999		 
99 -9999		 
99 -9999		 
99 -9999		 
99 -9999		 
99 90		 0 0 0 1 0 
99 62		 1 0 0 0 0 
100 54		 0 0 1 0 0 
100 81		 1 0 0 0 0 
100 75		 0 0 1 0 0 
100 13		 0 0 0 1 0 
100 86		 0 0 0 0 1 
100 37		 0 0 0 0 1 
100 16		 0 0 0 0 1 
100 85		 1 0 0 0 0 
100 4		 0 1 0 0 0 
100 34		 0 1 0 0 0 
100 58		0 0 0 1 1 
100 19		0 0 0 1 0 
