1 51		 0 0 0 1 0 
1 82		 0 1 0 0 0 
1 70		 1 0 0 0 0 
1 34		 0 1 0 0 0 
1 19		 0 0 1 0 0 
1 16		 0 0 1 0 0 
1 64		 0 0 0 1 0 
1 89		 0 0 0 0 1 
1 53		 1 1 0 0 0 
1 36		 0 0 1 0 0 
1 32		0 0 1 0 0 
2 -9999		 
2 -9999		 
2 -9999		 
2 -9999		 
2 -9999		 
2 -9999		 
2 -9999		 
2 -9999		 
2 -9999		 
2 -9999		 
3 100		 0 1 0 0 0 
3 -9999		 
3 -9999		 
3 -9999		 
3 -9999		 
3 -9999		 
3 -9999		 
3 -9999		 
3 -9999		 
3 -9999		 
4 -9999		 
4 -9999		 
4 -9999		 
4 -9999		 
4 -9999		 
4 -9999		 
4 -9999		 
4 -9999		 
4 -9999		 
4 -9999		 
5 -9999		 
5 -9999		 
5 -9999		 
5 -9999		 
5 -9999		 
5 -9999		 
5 -9999		 
5 -9999		 
5 -9999		 
5 -9999		 
6 -9999		 
6 -9999		 
6 -9999		 
6 -9999		 
6 -9999		 
6 -9999		 
6 -9999		 
6 -9999		 
6 -9999		 
6 -9999		 
7 59		 0 0 1 0 0 
7 -9999		 
7 81		 0 0 0 1 0 
7 -9999		 
7 -9999		 
7 -9999		 
7 -9999		 
7 -9999		 
7 -9999		 
7 -9999		 
8 -9999		 
8 -9999		 
8 -9999		 
8 -9999		 
8 -9999		 
8 -9999		 
8 -9999		 
8 -9999		 
8 -9999		 
8 -9999		 
9 27		 0 1 0 0 0 
9 17		 0 0 0 1 0 
9 -9999		 
9 -9999		 
9 -9999		 
9 -9999		 
9 -9999		 
9 -9999		 
9 -9999		 
9 -9999		 
10 -9999		 
10 47		 0 0 1 0 0 
10 -9999		 
10 -9999		 
10 -9999		 
10 -9999		 
10 -9999		 
10 -9999		 
10 -9999		 
10 -9999		 
11 -9999		 
11 -9999		 
11 -9999		 
11 -9999		 
11 -9999		 
11 -9999		 
11 -9999		 
11 -9999		 
11 -9999		 
11 -9999		 
12 -9999		 
12 -9999		 
12 -9999		 
12 -9999		 
12 -9999		 
12 -9999		 
12 -9999		 
12 -9999		 
12 -9999		 
12 -9999		 
13 -9999		 
13 -9999		 
13 -9999		 
13 -9999		 
13 -9999		 
13 -9999		 
13 -9999		 
13 -9999		 
13 -9999		 
13 -9999		 
14 -9999		 
14 17		 0 0 0 1 0 
14 -9999		 
14 -9999		 
14 -9999		 
14 -9999		 
14 -9999		 
14 -9999		 
14 -9999		 
14 -9999		 
15 -9999		 
15 -9999		 
15 -9999		 
15 -9999		 
15 -9999		 
15 -9999		 
15 -9999		 
15 -9999		 
15 -9999		 
15 -9999		 
16 -9999		 
16 100		 0 0 0 0 1 
16 1		 0 0 1 0 0 
16 -9999		 
16 -9999		 
16 -9999		 
16 -9999		 
16 -9999		 
16 -9999		 
16 -9999		 
17 25		 0 1 0 0 0 
17 90		 0 1 0 0 0 
17 44		 0 0 0 1 0 
17 97		 0 0 0 0 1 
17 77		 1 0 0 0 0 
17 61		 0 1 0 0 0 
17 81		 0 1 0 0 0 
17 33		 0 0 1 0 0 
17 48		 0 0 1 0 0 
17 14		 0 0 0 1 0 
17 42		0 0 0 1 0 
17 9		0 0 0 1 0 
18 -9999		 
18 47		 0 0 0 0 1 
18 -9999		 
18 -9999		 
18 -9999		 
18 -9999		 
18 -9999		 
18 -9999		 
18 -9999		 
18 -9999		 
19 -9999		 
19 1		 0 0 1 0 0 
19 100		 0 0 1 0 0 
19 -9999		 
19 -9999		 
19 -9999		 
19 -9999		 
19 -9999		 
19 -9999		 
19 -9999		 
20 81		 0 0 0 1 0 
20 47		 0 0 0 0 1 
20 59		 1 0 0 0 0 
20 -9999		 
20 -9999		 
20 -9999		 
20 -9999		 
20 -9999		 
20 -9999		 
20 -9999		 
21 -9999		 
21 -9999		 
21 -9999		 
21 -9999		 
21 -9999		 
21 -9999		 
21 -9999		 
21 -9999		 
21 -9999		 
21 -9999		 
22 47		 0 0 0 0 1 
22 -9999		 
22 -9999		 
22 -9999		 
22 -9999		 
22 -9999		 
22 -9999		 
22 -9999		 
22 -9999		 
22 -9999		 
23 -9999		 
23 -9999		 
23 -9999		 
23 -9999		 
23 -9999		 
23 -9999		 
23 -9999		 
23 -9999		 
23 -9999		 
23 -9999		 
24 81		 0 1 0 0 0 
24 -9999		 
24 -9999		 
24 -9999		 
24 -9999		 
24 -9999		 
24 -9999		 
24 -9999		 
24 -9999		 
24 -9999		 
25 17		 0 1 0 0 0 
25 89		 0 1 1 0 0 
25 -9999		 
25 -9999		 
25 -9999		 
25 -9999		 
25 -9999		 
25 -9999		 
25 -9999		 
25 -9999		 
26 -9999		 
26 -9999		 
26 -9999		 
26 -9999		 
26 -9999		 
26 -9999		 
26 -9999		 
26 -9999		 
26 -9999		 
26 -9999		 
27 57		 0 0 1 0 0 
27 80		 1 0 0 0 0 
27 50		 0 1 0 0 0 
27 95		 0 0 1 0 0 
27 63		 0 0 0 0 1 
27 73		 1 0 0 0 0 
27 42		 0 1 0 0 0 
27 59		 0 1 0 0 0 
27 9		 0 1 0 0 0 
27 -9999		 
28 89		 1 0 0 0 0 
28 -9999		 
28 -9999		 
28 -9999		 
28 -9999		 
28 -9999		 
28 -9999		 
28 -9999		 
28 -9999		 
28 -9999		 
29 89		 0 0 0 1 0 
29 -9999		 
29 -9999		 
29 -9999		 
29 -9999		 
29 -9999		 
29 -9999		 
29 -9999		 
29 -9999		 
29 -9999		 
30 -9999		 
30 -9999		 
30 -9999		 
30 -9999		 
30 -9999		 
30 -9999		 
30 -9999		 
30 -9999		 
30 -9999		 
30 -9999		 
31 89		 0 0 1 0 0 
31 -9999		 
31 -9999		 
31 -9999		 
31 -9999		 
31 -9999		 
31 -9999		 
31 -9999		 
31 -9999		 
31 -9999		 
32 99		 0 1 0 0 0 
32 1		 0 0 1 0 0 
32 -9999		 
32 -9999		 
32 -9999		 
32 -9999		 
32 -9999		 
32 -9999		 
32 -9999		 
32 -9999		 
33 17		 0 0 1 0 0 
33 99		 0 0 1 0 0 
33 -9999		 
33 -9999		 
33 -9999		 
33 -9999		 
33 -9999		 
33 -9999		 
33 -9999		 
33 -9999		 
34 1		 0 1 0 0 0 
34 -9999		 
34 -9999		 
34 -9999		 
34 -9999		 
34 -9999		 
34 -9999		 
34 -9999		 
34 -9999		 
34 -9999		 
35 99		 0 0 1 0 0 
35 -9999		 
35 -9999		 
35 -9999		 
35 -9999		 
35 -9999		 
35 -9999		 
35 -9999		 
35 -9999		 
35 -9999		 
36 99		 0 1 0 0 0 
36 1		 0 0 1 0 0 
36 -9999		 
36 -9999		 
36 -9999		 
36 -9999		 
36 -9999		 
36 -9999		 
36 -9999		 
36 -9999		 
37 100		 0 0 1 0 1 
37 -9999		 
37 -9999		 
37 -9999		 
37 -9999		 
37 -9999		 
37 -9999		 
37 -9999		 
37 -9999		 
37 -9999		 
38 -9999		 
38 -9999		 
38 -9999		 
38 -9999		 
38 -9999		 
38 -9999		 
38 -9999		 
38 -9999		 
38 -9999		 
38 -9999		 
39 47		 1 0 0 0 0 
39 -9999		 
39 -9999		 
39 -9999		 
39 -9999		 
39 -9999		 
39 -9999		 
39 -9999		 
39 -9999		 
39 -9999		 
40 -9999		 
40 -9999		 
40 -9999		 
40 -9999		 
40 -9999		 
40 -9999		 
40 -9999		 
40 -9999		 
40 -9999		 
40 -9999		 
41 -9999		 
41 81		 0 1 0 0 0 
41 -9999		 
41 -9999		 
41 -9999		 
41 -9999		 
41 -9999		 
41 -9999		 
41 -9999		 
41 -9999		 
42 17		 0 0 0 1 0 
42 27		 0 1 0 0 0 
42 59		 0 1 0 0 0 
42 -9999		 
42 -9999		 
42 -9999		 
42 -9999		 
42 -9999		 
42 -9999		 
42 -9999		 
43 -9999		 
43 -9999		 
43 -9999		 
43 -9999		 
43 -9999		 
43 -9999		 
43 -9999		 
43 -9999		 
43 -9999		 
43 -9999		 
44 89		 1 0 0 0 0 
44 17		 0 0 0 1 0 
44 81		 0 0 0 1 0 
44 -9999		 
44 -9999		 
44 -9999		 
44 -9999		 
44 -9999		 
44 -9999		 
44 -9999		 
45 -9999		 
45 -9999		 
45 -9999		 
45 -9999		 
45 -9999		 
45 -9999		 
45 -9999		 
45 -9999		 
45 -9999		 
45 -9999		 
46 -9999		 
46 -9999		 
46 -9999		 
46 -9999		 
46 -9999		 
46 -9999		 
46 -9999		 
46 -9999		 
46 -9999		 
46 -9999		 
47 22		 0 0 0 0 1 
47 18		 0 0 0 0 1 
47 55		 0 0 0 0 1 
47 64		 0 0 0 1 0 
47 87		 0 0 1 0 0 
47 53		 1 0 0 0 0 
47 52		 0 1 0 0 0 
47 20		 0 0 0 0 1 
47 10		 0 0 1 0 0 
47 48		 0 1 0 0 1 
47 39		1 0 0 0 0 
48 47		 0 1 0 0 1 
48 17		 0 0 1 0 0 
48 -9999		 
48 -9999		 
48 -9999		 
48 -9999		 
48 -9999		 
48 -9999		 
48 -9999		 
48 -9999		 
49 -9999		 
49 -9999		 
49 -9999		 
49 -9999		 
49 -9999		 
49 -9999		 
49 -9999		 
49 -9999		 
49 -9999		 
49 -9999		 
50 27		 0 1 0 0 0 
50 -9999		 
50 -9999		 
50 -9999		 
50 -9999		 
50 -9999		 
50 -9999		 
50 -9999		 
50 -9999		 
50 -9999		 
51 100		 1 0 0 0 0 
51 1		 0 0 0 1 0 
51 -9999		 
51 -9999		 
51 -9999		 
51 -9999		 
51 -9999		 
51 -9999		 
51 -9999		 
51 -9999		 
52 81		 1 0 0 0 0 
52 47		 0 1 0 0 0 
52 99		 0 0 0 1 0 
52 -9999		 
52 -9999		 
52 -9999		 
52 -9999		 
52 -9999		 
52 -9999		 
52 -9999		 
53 1		 1 1 0 0 0 
53 47		 1 0 0 0 0 
53 100		 1 0 0 0 0 
53 -9999		 
53 -9999		 
53 -9999		 
53 -9999		 
53 -9999		 
53 -9999		 
53 -9999		 
54 -9999		 
54 -9999		 
54 -9999		 
54 -9999		 
54 -9999		 
54 -9999		 
54 -9999		 
54 -9999		 
54 -9999		 
54 -9999		 
55 -9999		 
55 47		 0 0 0 0 1 
55 -9999		 
55 -9999		 
55 -9999		 
55 -9999		 
55 -9999		 
55 -9999		 
55 -9999		 
55 -9999		 
56 -9999		 
56 -9999		 
56 -9999		 
56 -9999		 
56 -9999		 
56 -9999		 
56 -9999		 
56 -9999		 
56 -9999		 
56 -9999		 
57 27		 0 0 1 0 0 
57 -9999		 
57 -9999		 
57 -9999		 
57 -9999		 
57 -9999		 
57 -9999		 
57 -9999		 
57 -9999		 
57 -9999		 
58 -9999		 
58 100		 0 0 0 0 1 
58 99		 0 1 0 0 0 
58 -9999		 
58 -9999		 
58 -9999		 
58 -9999		 
58 -9999		 
58 -9999		 
58 -9999		 
59 20		 1 0 0 0 0 
59 67		 0 0 0 0 1 
59 -9999		 
59 42		 0 1 0 0 0 
59 -9999		 
59 27		 0 1 0 0 0 
59 -9999		 
59 7		 0 0 1 0 0 
59 -9999		 
59 66		 0 0 1 0 0 
60 -9999		 
60 -9999		 
60 -9999		 
60 -9999		 
60 -9999		 
60 -9999		 
60 -9999		 
60 -9999		 
60 -9999		 
60 -9999		 
61 -9999		 
61 17		 0 1 0 0 0 
61 100		 0 1 0 0 0 
61 -9999		 
61 -9999		 
61 -9999		 
61 -9999		 
61 -9999		 
61 -9999		 
61 -9999		 
62 -9999		 
62 -9999		 
62 -9999		 
62 -9999		 
62 -9999		 
62 -9999		 
62 -9999		 
62 -9999		 
62 -9999		 
62 -9999		 
63 -9999		 
63 27		 0 0 0 0 1 
63 -9999		 
63 -9999		 
63 -9999		 
63 -9999		 
63 -9999		 
63 -9999		 
63 -9999		 
63 -9999		 
64 1		 0 0 0 1 0 
64 47		 0 0 0 1 0 
64 -9999		 
64 -9999		 
64 -9999		 
64 -9999		 
64 -9999		 
64 -9999		 
64 -9999		 
64 -9999		 
65 -9999		 
65 -9999		 
65 -9999		 
65 -9999		 
65 -9999		 
65 -9999		 
65 -9999		 
65 -9999		 
65 -9999		 
65 -9999		 
66 59		 0 0 1 0 0 
66 -9999		 
66 -9999		 
66 -9999		 
66 -9999		 
66 -9999		 
66 -9999		 
66 -9999		 
66 -9999		 
66 -9999		 
67 -9999		 
67 89		 0 1 0 0 0 
67 59		 0 0 0 0 1 
67 -9999		 
67 -9999		 
67 -9999		 
67 -9999		 
67 -9999		 
67 -9999		 
67 -9999		 
68 -9999		 
68 -9999		 
68 -9999		 
68 -9999		 
68 -9999		 
68 -9999		 
68 -9999		 
68 -9999		 
68 -9999		 
68 -9999		 
69 -9999		 
69 -9999		 
69 -9999		 
69 -9999		 
69 -9999		 
69 -9999		 
69 -9999		 
69 -9999		 
69 -9999		 
69 -9999		 
70 1		 1 0 0 0 0 
70 -9999		 
70 -9999		 
70 -9999		 
70 -9999		 
70 -9999		 
70 -9999		 
70 -9999		 
70 -9999		 
70 -9999		 
71 -9999		 
71 -9999		 
71 -9999		 
71 -9999		 
71 -9999		 
71 -9999		 
71 -9999		 
71 -9999		 
71 -9999		 
71 -9999		 
72 -9999		 
72 -9999		 
72 -9999		 
72 -9999		 
72 -9999		 
72 -9999		 
72 -9999		 
72 -9999		 
72 -9999		 
72 -9999		 
73 27		 1 0 0 0 0 
73 -9999		 
73 -9999		 
73 -9999		 
73 -9999		 
73 -9999		 
73 -9999		 
73 -9999		 
73 -9999		 
73 -9999		 
74 -9999		 
74 -9999		 
74 -9999		 
74 -9999		 
74 -9999		 
74 -9999		 
74 -9999		 
74 -9999		 
74 -9999		 
74 -9999		 
75 -9999		 
75 -9999		 
75 -9999		 
75 -9999		 
75 -9999		 
75 -9999		 
75 -9999		 
75 -9999		 
75 -9999		 
75 -9999		 
76 -9999		 
76 -9999		 
76 -9999		 
76 -9999		 
76 -9999		 
76 -9999		 
76 -9999		 
76 -9999		 
76 -9999		 
76 -9999		 
77 17		 1 0 0 0 0 
77 -9999		 
77 -9999		 
77 -9999		 
77 -9999		 
77 -9999		 
77 -9999		 
77 -9999		 
77 -9999		 
77 -9999		 
78 81		 1 0 0 0 0 
78 -9999		 
78 -9999		 
78 -9999		 
78 -9999		 
78 -9999		 
78 -9999		 
78 -9999		 
78 -9999		 
78 -9999		 
79 -9999		 
79 -9999		 
79 -9999		 
79 -9999		 
79 -9999		 
79 -9999		 
79 -9999		 
79 -9999		 
79 -9999		 
79 -9999		 
80 27		 1 0 0 0 0 
80 -9999		 
80 -9999		 
80 -9999		 
80 -9999		 
80 -9999		 
80 -9999		 
80 -9999		 
80 -9999		 
80 -9999		 
81 96		 1 0 0 0 0 
81 91		 0 0 1 0 0 
81 52		 1 0 0 0 0 
81 78		 1 0 0 0 0 
81 41		 0 1 0 0 0 
81 24		 0 1 0 0 0 
81 44		 0 0 0 1 0 
81 17		 0 1 0 0 0 
81 7		 0 0 0 1 0 
81 20		 0 0 0 1 0 
82 1		 0 1 0 0 0 
82 -9999		 
82 -9999		 
82 -9999		 
82 -9999		 
82 -9999		 
82 -9999		 
82 -9999		 
82 -9999		 
82 -9999		 
83 99		 1 0 0 1 0 
83 89		 0 1 0 0 0 
83 -9999		 
83 -9999		 
83 -9999		 
83 -9999		 
83 -9999		 
83 -9999		 
83 -9999		 
83 -9999		 
84 -9999		 
84 -9999		 
84 -9999		 
84 -9999		 
84 -9999		 
84 -9999		 
84 -9999		 
84 -9999		 
84 -9999		 
84 -9999		 
85 -9999		 
85 -9999		 
85 -9999		 
85 -9999		 
85 -9999		 
85 -9999		 
85 -9999		 
85 -9999		 
85 -9999		 
85 -9999		 
86 100		 0 0 0 0 1 
86 -9999		 
86 -9999		 
86 -9999		 
86 -9999		 
86 -9999		 
86 -9999		 
86 -9999		 
86 -9999		 
86 -9999		 
87 -9999		 
87 89		 1 0 0 0 0 
87 -9999		 
87 47		 0 0 1 0 0 
87 -9999		 
87 -9999		 
87 -9999		 
87 -9999		 
87 -9999		 
87 -9999		 
88 99		 0 1 0 0 0 
88 -9999		 
88 -9999		 
88 -9999		 
88 -9999		 
88 -9999		 
88 -9999		 
88 -9999		 
88 -9999		 
88 -9999		 
89 31		 0 0 1 0 0 
89 90		 1 0 0 0 0 
89 67		 0 1 0 0 0 
89 1		 0 0 0 0 1 
89 87		 1 0 0 0 0 
89 29		 0 0 0 1 0 
89 25		 0 1 1 0 0 
89 44		 1 0 0 0 0 
89 83		 0 1 0 0 0 
89 28		 1 0 0 0 0 
90 -9999		 
90 89		 1 0 0 0 0 
90 17		 0 1 0 0 0 
90 -9999		 
90 -9999		 
90 -9999		 
90 -9999		 
90 -9999		 
90 -9999		 
90 -9999		 
91 81		 0 0 1 0 0 
91 -9999		 
91 -9999		 
91 -9999		 
91 -9999		 
91 -9999		 
91 -9999		 
91 -9999		 
91 -9999		 
91 -9999		 
92 -9999		 
92 -9999		 
92 -9999		 
92 -9999		 
92 -9999		 
92 -9999		 
92 -9999		 
92 -9999		 
92 -9999		 
92 -9999		 
93 -9999		 
93 -9999		 
93 -9999		 
93 -9999		 
93 -9999		 
93 -9999		 
93 -9999		 
93 -9999		 
93 -9999		 
93 -9999		 
94 99		 0 0 0 1 0 
94 -9999		 
94 -9999		 
94 -9999		 
94 -9999		 
94 -9999		 
94 -9999		 
94 -9999		 
94 -9999		 
94 -9999		 
95 99		 0 1 0 0 0 
95 27		 0 0 1 0 0 
95 -9999		 
95 -9999		 
95 -9999		 
95 -9999		 
95 -9999		 
95 -9999		 
95 -9999		 
95 -9999		 
96 99		 0 0 1 0 0 
96 81		 1 0 0 0 0 
96 -9999		 
96 -9999		 
96 -9999		 
96 -9999		 
96 -9999		 
96 -9999		 
96 -9999		 
96 -9999		 
97 17		 0 0 0 0 1 
97 99		 0 0 0 0 1 
97 100		 0 0 1 0 0 
97 -9999		 
97 -9999		 
97 -9999		 
97 -9999		 
97 -9999		 
97 -9999		 
97 -9999		 
98 -9999		 
98 -9999		 
98 -9999		 
98 -9999		 
98 -9999		 
98 -9999		 
98 -9999		 
98 -9999		 
98 -9999		 
98 -9999		 
99 96		 0 0 1 0 0 
99 94		 0 0 0 1 0 
99 97		 0 0 0 0 1 
99 83		 1 0 0 1 0 
99 32		 0 1 0 0 0 
99 36		 0 1 0 0 0 
99 58		 0 1 0 0 0 
99 88		 0 1 0 0 0 
99 52		 0 0 0 1 0 
99 95		 0 1 0 0 0 
99 35		0 0 1 0 0 
99 33		0 0 1 0 0 
100 97		 0 0 1 0 0 
100 53		 1 0 0 0 0 
100 58		 0 0 0 0 1 
100 19		 0 0 1 0 0 
100 86		 0 0 0 0 1 
100 37		 0 0 1 0 1 
100 16		 0 0 0 0 1 
100 51		 1 0 0 0 0 
100 61		 0 1 0 0 0 
100 3		 0 1 0 0 0 
