1 51		 0 0 0 1 0 
1 54		 0 1 0 0 0 
1 40		 1 1 0 0 0 
1 95		 1 0 0 0 0 
1 19		 0 0 1 0 0 
1 16		 0 0 1 0 0 
1 64		 0 0 0 1 0 
1 44		 0 0 0 0 1 
1 67		 1 0 0 0 0 
1 36		 0 0 1 0 0 
1 31		1 0 0 0 0 
1 41		1 0 0 0 0 
1 90		0 1 0 0 1 
1 91		0 0 0 0 1 
1 32		0 0 1 0 0 
2 57		 0 0 0 0 1 
2 39		 0 0 0 0 1 
2 46		 0 0 0 0 1 
2 27		 1 0 0 0 0 
2 70		 0 1 0 0 0 
2 -9999		 
2 -9999		 
2 -9999		 
2 -9999		 
2 -9999		 
3 -9999		 
3 96		 0 1 0 0 0 
3 -9999		 
3 -9999		 
3 -9999		 
3 -9999		 
3 -9999		 
3 -9999		 
3 -9999		 
3 -9999		 
4 98		 0 0 0 0 1 
4 95		 0 0 0 0 1 
4 74		 0 0 0 0 1 
4 43		 1 0 0 0 0 
4 64		 0 1 0 0 0 
4 16		 0 1 0 0 0 
4 34		 0 1 0 0 0 
4 -9999		 
4 -9999		 
4 -9999		 
5 24		 0 0 0 0 1 
5 35		 0 0 0 0 1 
5 48		 1 0 0 0 0 
5 32		 1 0 0 0 0 
5 71		 1 0 0 0 0 
5 57		 1 0 0 0 0 
5 -9999		 
5 -9999		 
5 -9999		 
5 -9999		 
6 92		 1 0 0 0 0 
6 83		 1 0 0 0 0 
6 90		 1 0 0 0 0 
6 15		 1 0 0 0 0 
6 43		 1 0 0 0 0 
6 71		 1 0 0 0 0 
6 20		 0 1 0 0 0 
6 79		 0 1 0 0 0 
6 -9999		 
6 -9999		 
7 59		 0 0 1 0 1 
7 44		 0 0 0 0 1 
7 81		 0 0 0 1 0 
7 30		 0 0 0 0 1 
7 18		 1 0 0 0 0 
7 58		 1 0 0 0 0 
7 11		 1 0 0 0 0 
7 52		 1 0 0 0 0 
7 63		 0 1 0 0 0 
7 -9999		 
8 72		 0 0 0 0 1 
8 36		 0 0 0 0 1 
8 49		 0 0 0 0 1 
8 84		 1 0 0 0 0 
8 29		 0 1 0 0 0 
8 57		 0 1 0 0 0 
8 -9999		 
8 -9999		 
8 -9999		 
8 -9999		 
9 -9999		 
9 17		 0 0 0 1 0 
9 82		 0 0 0 0 1 
9 81		 0 0 0 0 1 
9 54		 1 0 0 0 0 
9 53		 0 1 0 0 0 
9 -9999		 
9 -9999		 
9 -9999		 
9 -9999		 
10 26		 0 0 0 0 1 
10 47		 0 0 1 0 0 
10 74		 0 0 0 0 1 
10 36		 1 0 0 0 0 
10 28		 0 1 0 0 0 
10 -9999		 
10 -9999		 
10 -9999		 
10 -9999		 
10 -9999		 
11 22		 0 0 0 0 1 
11 7		 1 0 0 0 0 
11 89		 1 1 0 0 0 
11 83		 0 1 0 0 0 
11 -9999		 
11 -9999		 
11 -9999		 
11 -9999		 
11 -9999		 
11 -9999		 
12 22		 0 0 0 0 1 
12 77		 0 0 0 0 1 
12 13		 0 0 0 0 1 
12 45		 1 0 0 0 0 
12 25		 1 0 0 0 0 
12 20		 0 1 0 0 0 
12 93		 0 1 0 0 0 
12 91		 0 1 0 0 0 
12 30		 0 1 0 0 0 
12 23		 0 1 0 0 0 
13 12		 0 0 0 0 1 
13 22		 0 0 0 0 1 
13 79		 1 0 0 0 0 
13 80		 1 0 0 0 0 
13 38		 0 1 0 0 0 
13 -9999		 
13 -9999		 
13 -9999		 
13 -9999		 
13 -9999		 
14 86		 0 0 0 0 1 
14 17		 0 0 0 1 0 
14 74		 1 0 0 0 0 
14 91		 1 0 0 0 0 
14 87		 0 1 0 0 0 
14 84		 0 1 0 0 0 
14 -9999		 
14 -9999		 
14 -9999		 
14 -9999		 
15 59		 0 1 0 0 1 
15 55		 0 0 0 0 1 
15 6		 1 0 0 0 0 
15 77		 1 0 0 0 0 
15 79		 0 1 0 0 0 
15 -9999		 
15 -9999		 
15 -9999		 
15 -9999		 
15 -9999		 
16 18		 0 0 0 0 1 
16 31		 1 0 0 0 0 
16 1		 0 0 1 0 0 
16 20		 0 0 0 0 1 
16 42		 0 0 0 0 1 
16 79		 0 0 0 0 1 
16 22		 1 0 0 0 0 
16 4		 0 1 0 0 0 
16 38		 0 1 0 0 0 
16 87		 0 1 0 0 0 
17 46		 0 1 0 0 0 
17 40		 0 1 0 0 0 
17 44		 0 0 0 1 0 
17 84		 0 0 0 0 1 
17 57		 1 0 0 0 0 
17 68		 0 1 0 0 0 
17 74		 1 0 0 0 0 
17 33		 0 1 1 0 0 
17 48		 0 0 1 0 0 
17 14		 0 0 0 1 0 
17 65		1 0 0 0 0 
17 42		0 0 0 1 0 
17 9		0 0 0 1 0 
18 16		 0 0 0 0 1 
18 7		 1 0 0 0 0 
18 76		 0 0 0 0 1 
18 97		 0 1 0 0 0 
18 100		 0 1 0 0 0 
18 -9999		 
18 -9999		 
18 -9999		 
18 -9999		 
18 -9999		 
19 82		 0 0 0 0 1 
19 1		 0 0 1 0 0 
19 100		 0 0 1 0 0 
19 93		 1 0 0 0 0 
19 54		 1 0 0 0 0 
19 99		 1 0 0 0 0 
19 69		 0 1 0 0 0 
19 58		 0 1 0 0 0 
19 -9999		 
19 -9999		 
20 81		 0 0 0 1 0 
20 6		 0 1 0 0 0 
20 12		 0 1 0 0 0 
20 16		 0 0 0 0 1 
20 33		 0 0 0 0 1 
20 63		 0 0 0 0 1 
20 66		 0 0 0 0 1 
20 -9999		 
20 -9999		 
20 -9999		 
21 40		 0 0 0 0 1 
21 80		 0 0 0 0 1 
21 36		 1 0 0 0 0 
21 23		 0 1 0 0 0 
21 -9999		 
21 -9999		 
21 -9999		 
21 -9999		 
21 -9999		 
21 -9999		 
22 16		 1 0 0 0 0 
22 11		 0 0 0 0 1 
22 12		 0 0 0 0 1 
22 13		 0 0 0 0 1 
22 37		 0 0 0 0 1 
22 62		 1 0 0 0 0 
22 46		 1 0 0 0 0 
22 85		 1 1 0 0 0 
22 -9999		 
22 -9999		 
23 55		 1 0 0 0 0 
23 12		 0 1 0 0 0 
23 21		 0 1 0 0 0 
23 32		 0 1 0 0 0 
23 -9999		 
23 -9999		 
23 -9999		 
23 -9999		 
23 -9999		 
23 -9999		 
24 -9999		 
24 5		 0 0 0 0 1 
24 91		 1 0 0 0 0 
24 77		 0 1 0 0 0 
24 69		 0 1 0 0 0 
24 66		 0 1 0 0 0 
24 -9999		 
24 -9999		 
24 -9999		 
24 -9999		 
25 77		 0 1 0 0 0 
25 89		 0 0 1 0 0 
25 53		 0 0 0 0 1 
25 86		 0 0 0 0 1 
25 12		 1 0 0 0 0 
25 97		 1 0 0 0 0 
25 96		 1 0 0 0 0 
25 73		 0 1 0 0 0 
25 87		 0 1 0 0 0 
25 70		 0 1 0 0 0 
26 10		 0 0 0 0 1 
26 37		 1 0 0 0 0 
26 66		 1 0 0 0 0 
26 -9999		 
26 -9999		 
26 -9999		 
26 -9999		 
26 -9999		 
26 -9999		 
26 -9999		 
27 57		 0 0 1 0 0 
27 -9999		 
27 -9999		 
27 95		 0 0 1 0 0 
27 2		 1 0 0 0 0 
27 -9999		 
27 -9999		 
27 -9999		 
27 -9999		 
27 -9999		 
28 10		 0 1 0 0 0 
28 60		 0 0 0 0 1 
28 52		 1 0 0 0 0 
28 29		 1 0 0 0 0 
28 45		 0 1 0 0 0 
28 54		 0 1 0 0 0 
28 -9999		 
28 -9999		 
28 -9999		 
28 -9999		 
29 89		 0 0 0 1 0 
29 48		 0 0 0 0 1 
29 72		 0 0 0 0 1 
29 66		 0 0 0 0 1 
29 28		 1 0 0 0 0 
29 69		 1 0 0 0 0 
29 8		 0 1 0 0 0 
29 -9999		 
29 -9999		 
29 -9999		 
30 7		 0 0 0 0 1 
30 96		 0 0 0 0 1 
30 93		 1 0 0 0 0 
30 57		 1 0 0 0 0 
30 12		 0 1 0 0 0 
30 77		 0 1 0 0 0 
30 -9999		 
30 -9999		 
30 -9999		 
30 -9999		 
31 89		 0 0 1 0 0 
31 79		 0 0 0 0 1 
31 1		 1 0 0 0 0 
31 16		 1 0 0 0 0 
31 76		 1 0 0 0 0 
31 99		 0 1 0 0 0 
31 -9999		 
31 -9999		 
31 -9999		 
31 -9999		 
32 -9999		 
32 1		 0 0 1 0 0 
32 76		 0 0 0 0 1 
32 5		 1 0 0 0 0 
32 67		 1 0 0 0 0 
32 41		 1 0 0 0 0 
32 23		 0 1 0 0 0 
32 80		 0 1 0 0 0 
32 -9999		 
32 -9999		 
33 17		 0 1 1 0 0 
33 99		 0 0 1 0 0 
33 20		 0 0 0 0 1 
33 36		 1 0 0 0 0 
33 94		 0 1 0 0 0 
33 72		 0 1 0 0 0 
33 83		 0 1 0 0 0 
33 -9999		 
33 -9999		 
33 -9999		 
34 -9999		 
34 4		 0 1 0 0 0 
34 97		 0 1 0 0 0 
34 -9999		 
34 -9999		 
34 -9999		 
34 -9999		 
34 -9999		 
34 -9999		 
34 -9999		 
35 99		 0 0 1 0 0 
35 5		 0 0 0 0 1 
35 44		 0 0 0 0 1 
35 97		 0 0 0 0 1 
35 76		 0 0 0 0 1 
35 -9999		 
35 -9999		 
35 -9999		 
35 -9999		 
35 -9999		 
36 -9999		 
36 1		 0 0 1 0 0 
36 8		 0 0 0 0 1 
36 10		 1 0 0 0 0 
36 21		 1 0 0 0 0 
36 33		 1 0 0 0 0 
36 65		 1 0 0 0 0 
36 46		 0 1 0 0 0 
36 -9999		 
36 -9999		 
37 100		 0 0 1 0 0 
37 22		 0 0 0 0 1 
37 96		 0 0 0 0 1 
37 89		 0 0 0 0 1 
37 26		 1 0 0 0 0 
37 60		 0 1 0 0 0 
37 -9999		 
37 -9999		 
37 -9999		 
37 -9999		 
38 98		 0 0 0 0 1 
38 13		 0 1 0 0 0 
38 16		 0 1 0 0 0 
38 71		 0 1 0 0 0 
38 40		 0 1 0 0 0 
38 75		 0 1 0 0 0 
38 -9999		 
38 -9999		 
38 -9999		 
38 -9999		 
39 83		 0 1 0 0 0 
39 2		 0 0 0 0 1 
39 87		 1 0 0 0 0 
39 76		 1 0 0 0 0 
39 78		 0 1 0 0 0 
39 -9999		 
39 -9999		 
39 -9999		 
39 -9999		 
39 -9999		 
40 21		 0 0 0 0 1 
40 74		 0 0 0 0 1 
40 1		 1 1 0 0 0 
40 60		 1 0 0 0 0 
40 97		 1 0 0 0 0 
40 17		 0 1 0 0 0 
40 38		 0 1 0 0 0 
40 41		 0 1 0 0 0 
40 -9999		 
40 -9999		 
41 56		 0 0 0 0 1 
41 -9999		 
41 57		 0 0 0 0 1 
41 1		 1 0 0 0 0 
41 32		 1 0 0 0 0 
41 40		 0 1 0 0 0 
41 73		 0 1 0 0 0 
41 -9999		 
41 -9999		 
41 -9999		 
42 17		 0 0 0 1 0 
42 -9999		 
42 -9999		 
42 16		 0 0 0 0 1 
42 95		 0 0 0 0 1 
42 90		 0 0 0 0 1 
42 -9999		 
42 -9999		 
42 -9999		 
42 -9999		 
43 96		 0 0 0 0 1 
43 4		 1 0 0 0 0 
43 6		 1 0 0 0 0 
43 63		 1 0 0 0 0 
43 69		 0 1 0 0 0 
43 -9999		 
43 -9999		 
43 -9999		 
43 -9999		 
43 -9999		 
44 -9999		 
44 17		 0 0 0 1 0 
44 81		 0 0 0 1 0 
44 1		 0 0 0 0 1 
44 7		 0 0 0 0 1 
44 35		 0 0 0 0 1 
44 -9999		 
44 -9999		 
44 -9999		 
44 -9999		 
45 12		 1 0 0 0 0 
45 93		 1 0 0 0 0 
45 28		 0 1 0 0 0 
45 71		 0 1 0 0 0 
45 -9999		 
45 -9999		 
45 -9999		 
45 -9999		 
45 -9999		 
45 -9999		 
46 2		 0 0 0 0 1 
46 48		 0 0 0 0 1 
46 82		 0 0 0 0 1 
46 61		 0 0 0 0 1 
46 22		 1 0 0 0 0 
46 92		 1 0 0 0 0 
46 17		 0 1 0 0 0 
46 36		 0 1 0 0 0 
46 73		 0 1 0 0 0 
46 83		 0 1 0 0 0 
47 -9999		 
47 63		 1 0 0 0 0 
47 -9999		 
47 64		 0 0 0 1 0 
47 87		 0 0 1 0 0 
47 -9999		 
47 -9999		 
47 -9999		 
47 10		 0 0 1 0 0 
47 48		 0 0 0 0 1 
48 47		 0 0 0 0 1 
48 17		 0 0 1 0 0 
48 29		 0 0 0 0 1 
48 46		 0 0 0 0 1 
48 67		 0 0 0 0 1 
48 5		 1 0 0 0 0 
48 78		 1 0 0 0 0 
48 -9999		 
48 -9999		 
48 -9999		 
49 8		 0 0 0 0 1 
49 86		 1 0 0 0 0 
49 82		 1 0 0 0 0 
49 -9999		 
49 -9999		 
49 -9999		 
49 -9999		 
49 -9999		 
49 -9999		 
49 -9999		 
50 -9999		 
50 73		 0 0 0 0 1 
50 53		 1 0 0 0 0 
50 84		 1 0 0 0 0 
50 74		 0 1 0 0 0 
50 -9999		 
50 -9999		 
50 -9999		 
50 -9999		 
50 -9999		 
51 73		 0 1 0 0 0 
51 1		 0 0 0 1 0 
51 99		 0 0 0 0 1 
51 63		 0 0 0 0 1 
51 57		 0 0 0 0 1 
51 76		 0 0 0 0 1 
51 52		 1 0 0 0 0 
51 65		 1 0 0 0 0 
51 -9999		 
51 -9999		 
52 -9999		 
52 -9999		 
52 99		 0 0 0 1 0 
52 7		 1 0 0 0 0 
52 28		 1 0 0 0 0 
52 51		 1 0 0 0 0 
52 58		 1 0 0 0 0 
52 -9999		 
52 -9999		 
52 -9999		 
53 -9999		 
53 9		 0 1 0 0 0 
53 85		 0 1 0 0 0 
53 25		 0 0 0 0 1 
53 50		 1 0 0 0 0 
53 -9999		 
53 -9999		 
53 -9999		 
53 -9999		 
53 -9999		 
54 66		 0 0 0 0 1 
54 9		 1 0 0 0 0 
54 19		 1 0 0 0 0 
54 1		 0 1 0 0 0 
54 28		 0 1 0 0 0 
54 -9999		 
54 -9999		 
54 -9999		 
54 -9999		 
54 -9999		 
55 15		 0 0 0 0 1 
55 23		 1 0 0 0 0 
55 56		 0 0 0 0 1 
55 85		 0 0 0 0 1 
55 90		 0 0 0 0 1 
55 83		 1 0 0 0 0 
55 92		 1 0 0 0 0 
55 91		 1 0 0 0 0 
55 75		 1 0 0 0 0 
55 60		 0 1 0 0 0 
56 41		 0 0 0 0 1 
56 55		 0 0 0 0 1 
56 58		 0 0 0 0 1 
56 97		 0 0 0 0 1 
56 -9999		 
56 -9999		 
56 -9999		 
56 -9999		 
56 -9999		 
56 -9999		 
57 27		 0 0 1 0 0 
57 2		 0 0 0 0 1 
57 41		 0 0 0 0 1 
57 51		 0 0 0 0 1 
57 85		 0 0 0 0 1 
57 5		 1 0 0 0 0 
57 17		 1 0 0 0 0 
57 30		 1 0 0 0 0 
57 8		 0 1 0 0 0 
57 70		 0 1 0 0 0 
58 56		 0 0 0 0 1 
58 7		 1 0 0 0 0 
58 -9999		 
58 69		 0 0 0 0 1 
58 52		 1 0 0 0 0 
58 63		 1 0 0 0 0 
58 70		 1 0 0 0 0 
58 19		 0 1 0 0 0 
58 61		 0 1 0 0 0 
58 -9999		 
59 68		 0 1 0 0 0 
59 70		 0 1 0 0 0 
59 15		 0 1 0 0 1 
59 -9999		 
59 84		 0 0 0 0 1 
59 -9999		 
59 87		 0 0 0 0 1 
59 7		 0 0 1 0 1 
59 -9999		 
59 66		 0 0 1 0 0 
60 28		 0 0 0 0 1 
60 71		 0 0 0 0 1 
60 40		 1 0 0 0 0 
60 91		 1 0 0 0 0 
60 37		 0 1 0 0 0 
60 55		 0 1 0 0 0 
60 85		 0 1 0 0 0 
60 -9999		 
60 -9999		 
60 -9999		 
61 46		 0 0 0 0 1 
61 -9999		 
61 -9999		 
61 66		 0 0 0 0 1 
61 58		 0 1 0 0 0 
61 87		 0 1 0 0 0 
61 -9999		 
61 -9999		 
61 -9999		 
61 -9999		 
62 97		 0 0 0 0 1 
62 22		 1 0 0 0 0 
62 65		 0 1 0 0 0 
62 73		 0 1 0 0 0 
62 -9999		 
62 -9999		 
62 -9999		 
62 -9999		 
62 -9999		 
62 -9999		 
63 20		 0 0 0 0 1 
63 43		 1 0 0 0 0 
63 51		 0 0 0 0 1 
63 72		 0 0 0 0 1 
63 47		 1 0 0 0 0 
63 58		 1 0 0 0 0 
63 7		 0 1 0 0 0 
63 67		 0 1 0 0 0 
63 -9999		 
63 -9999		 
64 1		 0 0 0 1 0 
64 47		 0 0 0 1 0 
64 4		 0 1 0 0 0 
64 79		 0 1 0 0 0 
64 -9999		 
64 -9999		 
64 -9999		 
64 -9999		 
64 -9999		 
64 -9999		 
65 77		 0 0 0 0 1 
65 17		 1 0 0 0 0 
65 36		 1 0 0 0 0 
65 51		 1 0 0 0 0 
65 87		 1 0 0 0 0 
65 62		 0 1 0 0 0 
65 -9999		 
65 -9999		 
65 -9999		 
65 -9999		 
66 59		 0 0 1 0 0 
66 20		 0 0 0 0 1 
66 29		 0 0 0 0 1 
66 54		 0 0 0 0 1 
66 61		 0 0 0 0 1 
66 26		 1 0 0 0 0 
66 84		 1 0 0 0 0 
66 87		 1 0 0 0 0 
66 24		 0 1 0 0 0 
66 97		 0 1 0 0 0 
67 48		 0 0 0 0 1 
67 -9999		 
67 1		 1 0 0 0 0 
67 76		 0 0 0 0 1 
67 96		 0 0 0 0 1 
67 32		 1 0 0 0 0 
67 63		 0 1 0 0 0 
67 73		 0 1 0 0 0 
67 -9999		 
67 -9999		 
68 92		 1 0 0 0 0 
68 17		 0 1 0 0 0 
68 59		 0 1 0 0 0 
68 99		 0 1 0 0 0 
68 86		 0 1 0 0 0 
68 97		 0 1 0 0 0 
68 80		 0 1 0 0 0 
68 -9999		 
68 -9999		 
68 -9999		 
69 58		 0 0 0 0 1 
69 29		 1 0 0 0 0 
69 92		 1 0 0 0 0 
69 70		 1 0 0 0 0 
69 19		 0 1 0 0 0 
69 24		 0 1 0 0 0 
69 43		 0 1 0 0 0 
69 77		 0 1 0 0 0 
69 81		 0 1 0 0 0 
69 -9999		 
70 2		 0 1 0 0 0 
70 58		 1 0 0 0 0 
70 69		 1 0 0 0 0 
70 25		 0 1 0 0 0 
70 57		 0 1 0 0 0 
70 59		 0 1 0 0 0 
70 -9999		 
70 -9999		 
70 -9999		 
70 -9999		 
71 60		 0 0 0 0 1 
71 5		 1 0 0 0 0 
71 6		 1 0 0 0 0 
71 72		 1 0 0 0 0 
71 38		 0 1 0 0 0 
71 45		 0 1 0 0 0 
71 77		 0 1 0 0 0 
71 -9999		 
71 -9999		 
71 -9999		 
72 8		 0 0 0 0 1 
72 29		 0 0 0 0 1 
72 63		 0 0 0 0 1 
72 89		 0 0 0 0 1 
72 71		 1 0 0 0 0 
72 33		 0 1 0 0 0 
72 85		 0 1 0 0 0 
72 -9999		 
72 -9999		 
72 -9999		 
73 25		 0 1 0 0 0 
73 50		 0 0 0 0 1 
73 79		 0 0 0 0 1 
73 74		 0 0 0 0 1 
73 80		 0 0 0 0 1 
73 86		 1 0 0 0 0 
73 41		 0 1 0 0 0 
73 46		 0 1 0 0 0 
73 51		 0 1 0 0 0 
73 62		 0 1 0 0 0 
73 98		0 1 0 0 0 
73 67		0 1 0 0 0 
74 4		 0 0 0 0 1 
74 10		 0 0 0 0 1 
74 40		 0 0 0 0 1 
74 73		 0 0 0 0 1 
74 14		 1 0 0 0 0 
74 17		 1 0 0 0 0 
74 50		 0 1 0 0 0 
74 96		 0 1 0 0 0 
74 94		 0 1 0 0 0 
74 -9999		 
75 55		 1 0 0 0 0 
75 100		 1 0 0 0 0 
75 38		 0 1 0 0 0 
75 80		 0 1 0 0 0 
75 -9999		 
75 -9999		 
75 -9999		 
75 -9999		 
75 -9999		 
75 -9999		 
76 18		 0 0 0 0 1 
76 32		 0 0 0 0 1 
76 35		 0 0 0 0 1 
76 51		 0 0 0 0 1 
76 67		 0 0 0 0 1 
76 81		 0 0 0 0 1 
76 31		 1 0 0 0 0 
76 39		 1 0 0 0 0 
76 -9999		 
76 -9999		 
77 24		 0 1 0 0 0 
77 12		 0 0 0 0 1 
77 65		 0 0 0 0 1 
77 85		 0 0 0 0 1 
77 87		 0 0 0 0 1 
77 15		 1 0 0 0 0 
77 25		 0 1 0 0 0 
77 30		 0 1 0 0 0 
77 69		 0 1 0 0 0 
77 71		 0 1 0 0 0 
77 78		0 1 0 0 0 
78 39		 0 1 0 0 0 
78 48		 1 0 0 0 0 
78 94		 1 0 0 0 0 
78 77		 0 1 0 0 0 
78 -9999		 
78 -9999		 
78 -9999		 
78 -9999		 
78 -9999		 
78 -9999		 
79 16		 0 0 0 0 1 
79 31		 0 0 0 0 1 
79 73		 0 0 0 0 1 
79 13		 1 0 0 0 0 
79 6		 0 1 0 0 0 
79 15		 0 1 0 0 0 
79 64		 0 1 0 0 0 
79 -9999		 
79 -9999		 
79 -9999		 
80 32		 0 1 0 0 0 
80 21		 0 0 0 0 1 
80 73		 0 0 0 0 1 
80 13		 1 0 0 0 0 
80 92		 1 0 0 0 0 
80 68		 0 1 0 0 0 
80 75		 0 1 0 0 0 
80 -9999		 
80 -9999		 
80 -9999		 
81 87		 1 0 0 0 0 
81 91		 0 0 1 0 0 
81 76		 0 0 0 0 1 
81 9		 0 0 0 0 1 
81 69		 0 1 0 0 0 
81 -9999		 
81 44		 0 0 0 1 0 
81 -9999		 
81 7		 0 0 0 1 0 
81 20		 0 0 0 1 0 
82 -9999		 
82 9		 0 0 0 0 1 
82 19		 0 0 0 0 1 
82 46		 0 0 0 0 1 
82 49		 1 0 0 0 0 
82 94		 1 0 0 0 0 
82 -9999		 
82 -9999		 
82 -9999		 
82 -9999		 
83 99		 0 0 0 1 0 
83 -9999		 
83 98		 0 0 0 0 1 
83 6		 1 0 0 0 0 
83 55		 1 0 0 0 0 
83 11		 0 1 0 0 0 
83 33		 0 1 0 0 0 
83 39		 0 1 0 0 0 
83 46		 0 1 0 0 0 
83 -9999		 
84 17		 0 0 0 0 1 
84 59		 0 0 0 0 1 
84 8		 1 0 0 0 0 
84 50		 1 0 0 0 0 
84 66		 1 0 0 0 0 
84 91		 1 0 0 0 0 
84 14		 0 1 0 0 0 
84 -9999		 
84 -9999		 
84 -9999		 
85 55		 0 0 0 0 1 
85 57		 0 0 0 0 1 
85 77		 0 0 0 0 1 
85 22		 1 1 0 0 0 
85 53		 0 1 0 0 0 
85 60		 0 1 0 0 0 
85 72		 0 1 0 0 0 
85 86		 0 1 0 0 0 
85 -9999		 
85 -9999		 
86 49		 1 0 0 0 0 
86 14		 0 0 0 0 1 
86 25		 0 0 0 0 1 
86 73		 1 0 0 0 0 
86 68		 0 1 0 0 0 
86 85		 0 1 0 0 0 
86 -9999		 
86 -9999		 
86 -9999		 
86 -9999		 
87 59		 0 0 0 0 1 
87 14		 0 1 0 0 0 
87 77		 0 0 0 0 1 
87 47		 0 0 1 0 0 
87 39		 1 0 0 0 0 
87 65		 1 0 0 0 0 
87 66		 1 0 0 0 0 
87 81		 1 0 0 0 0 
87 16		 0 1 0 0 0 
87 25		 0 1 0 0 0 
87 61		0 1 0 0 0 
88 -9999		 
88 91		 0 1 0 0 0 
88 -9999		 
88 -9999		 
88 -9999		 
88 -9999		 
88 -9999		 
88 -9999		 
88 -9999		 
88 -9999		 
89 31		 0 0 1 0 0 
89 11		 1 1 0 0 0 
89 -9999		 
89 91		 0 0 0 0 1 
89 72		 0 0 0 0 1 
89 29		 0 0 0 1 0 
89 25		 0 0 1 0 0 
89 37		 0 0 0 0 1 
89 -9999		 
89 -9999		 
90 1		 0 1 0 0 1 
90 -9999		 
90 -9999		 
90 42		 0 0 0 0 1 
90 55		 0 0 0 0 1 
90 6		 1 0 0 0 0 
90 -9999		 
90 -9999		 
90 -9999		 
90 -9999		 
91 81		 0 0 1 0 0 
91 1		 0 0 0 0 1 
91 89		 0 0 0 0 1 
91 14		 1 0 0 0 0 
91 24		 1 0 0 0 0 
91 55		 1 0 0 0 0 
91 60		 1 0 0 0 0 
91 84		 1 0 0 0 0 
91 97		 1 0 0 0 0 
91 12		 0 1 0 0 0 
91 88		0 1 0 0 0 
92 6		 1 0 0 0 0 
92 46		 1 0 0 0 0 
92 55		 1 0 0 0 0 
92 68		 1 0 0 0 0 
92 69		 1 0 0 0 0 
92 80		 1 0 0 0 0 
92 -9999		 
92 -9999		 
92 -9999		 
92 -9999		 
93 19		 1 0 0 0 0 
93 30		 1 0 0 0 0 
93 45		 1 0 0 0 0 
93 94		 1 0 0 0 0 
93 12		 0 1 0 0 0 
93 -9999		 
93 -9999		 
93 -9999		 
93 -9999		 
93 -9999		 
94 99		 0 0 0 1 0 
94 78		 1 0 0 0 0 
94 82		 1 0 0 0 0 
94 93		 1 0 0 0 0 
94 33		 0 1 0 0 0 
94 74		 0 1 0 0 0 
94 -9999		 
94 -9999		 
94 -9999		 
94 -9999		 
95 -9999		 
95 27		 0 0 1 0 0 
95 4		 0 0 0 0 1 
95 42		 0 0 0 0 1 
95 1		 1 0 0 0 0 
95 98		 1 0 0 0 0 
95 -9999		 
95 -9999		 
95 -9999		 
95 -9999		 
96 99		 0 0 1 0 1 
96 3		 0 1 0 0 0 
96 30		 0 0 0 0 1 
96 37		 0 0 0 0 1 
96 43		 0 0 0 0 1 
96 67		 0 0 0 0 1 
96 25		 1 0 0 0 0 
96 74		 0 1 0 0 0 
96 -9999		 
96 -9999		 
97 25		 1 0 0 0 0 
97 40		 1 0 0 0 0 
97 100		 0 0 1 0 0 
97 35		 0 0 0 0 1 
97 56		 0 0 0 0 1 
97 62		 0 0 0 0 1 
97 91		 1 0 0 0 0 
97 18		 0 1 0 0 0 
97 34		 0 1 0 0 0 
97 66		 0 1 0 0 0 
97 68		0 1 0 0 0 
98 4		 0 0 0 0 1 
98 38		 0 0 0 0 1 
98 83		 0 0 0 0 1 
98 95		 1 0 0 0 0 
98 73		 0 1 0 0 0 
98 -9999		 
98 -9999		 
98 -9999		 
98 -9999		 
98 -9999		 
99 96		 0 0 1 0 1 
99 94		 0 0 0 1 0 
99 51		 0 0 0 0 1 
99 83		 0 0 0 1 0 
99 68		 0 1 0 0 0 
99 31		 0 1 0 0 0 
99 19		 1 0 0 0 0 
99 35		 0 0 1 0 0 
99 52		 0 0 0 1 0 
99 33		 0 0 1 0 0 
100 97		 0 0 1 0 0 
100 18		 0 1 0 0 0 
100 75		 1 0 0 0 0 
100 19		 0 0 1 0 0 
100 -9999		 
100 37		 0 0 1 0 0 
100 -9999		 
100 -9999		 
100 -9999		 
100 -9999		 
