1 51		 0 0 0 1 0 
1 82		 0 1 0 0 0 
1 70		 1 0 0 0 0 
1 34		 0 1 0 0 0 
1 19		 0 0 1 0 0 
1 16		 0 0 1 0 0 
1 64		 0 0 0 1 0 
1 44		 0 0 0 0 1 
1 53		 1 1 0 0 0 
1 36		 0 0 1 0 0 
1 90		0 0 0 0 1 
1 91		0 0 0 0 1 
1 32		0 0 1 0 0 
2 57		 0 0 0 0 1 
2 39		 0 0 0 0 1 
2 46		 0 0 0 0 1 
2 -9999		 
2 -9999		 
2 -9999		 
2 -9999		 
2 -9999		 
2 -9999		 
2 -9999		 
3 100		 0 1 0 0 0 
3 -9999		 
3 -9999		 
3 -9999		 
3 -9999		 
3 -9999		 
3 -9999		 
3 -9999		 
3 -9999		 
3 -9999		 
4 98		 0 0 0 0 1 
4 95		 0 0 0 0 1 
4 74		 0 0 0 0 1 
4 -9999		 
4 -9999		 
4 -9999		 
4 -9999		 
4 -9999		 
4 -9999		 
4 -9999		 
5 24		 0 0 0 0 1 
5 35		 0 0 0 0 1 
5 -9999		 
5 -9999		 
5 -9999		 
5 -9999		 
5 -9999		 
5 -9999		 
5 -9999		 
5 -9999		 
6 -9999		 
6 -9999		 
6 -9999		 
6 -9999		 
6 -9999		 
6 -9999		 
6 -9999		 
6 -9999		 
6 -9999		 
6 -9999		 
7 59		 0 0 1 0 1 
7 44		 0 0 0 0 1 
7 81		 0 0 0 1 0 
7 30		 0 0 0 0 1 
7 -9999		 
7 -9999		 
7 -9999		 
7 -9999		 
7 -9999		 
7 -9999		 
8 72		 0 0 0 0 1 
8 36		 0 0 0 0 1 
8 49		 0 0 0 0 1 
8 -9999		 
8 -9999		 
8 -9999		 
8 -9999		 
8 -9999		 
8 -9999		 
8 -9999		 
9 27		 0 1 0 0 0 
9 17		 0 0 0 1 0 
9 82		 0 0 0 0 1 
9 81		 0 0 0 0 1 
9 -9999		 
9 -9999		 
9 -9999		 
9 -9999		 
9 -9999		 
9 -9999		 
10 26		 0 0 0 0 1 
10 47		 0 0 1 0 0 
10 74		 0 0 0 0 1 
10 -9999		 
10 -9999		 
10 -9999		 
10 -9999		 
10 -9999		 
10 -9999		 
10 -9999		 
11 22		 0 0 0 0 1 
11 -9999		 
11 -9999		 
11 -9999		 
11 -9999		 
11 -9999		 
11 -9999		 
11 -9999		 
11 -9999		 
11 -9999		 
12 22		 0 0 0 0 1 
12 77		 0 0 0 0 1 
12 13		 0 0 0 0 1 
12 -9999		 
12 -9999		 
12 -9999		 
12 -9999		 
12 -9999		 
12 -9999		 
12 -9999		 
13 12		 0 0 0 0 1 
13 22		 0 0 0 0 1 
13 -9999		 
13 -9999		 
13 -9999		 
13 -9999		 
13 -9999		 
13 -9999		 
13 -9999		 
13 -9999		 
14 86		 0 0 0 0 1 
14 17		 0 0 0 1 0 
14 -9999		 
14 -9999		 
14 -9999		 
14 -9999		 
14 -9999		 
14 -9999		 
14 -9999		 
14 -9999		 
15 59		 0 0 0 0 1 
15 55		 0 0 0 0 1 
15 -9999		 
15 -9999		 
15 -9999		 
15 -9999		 
15 -9999		 
15 -9999		 
15 -9999		 
15 -9999		 
16 18		 0 0 0 0 1 
16 -9999		 
16 1		 0 0 1 0 0 
16 20		 0 0 0 0 1 
16 42		 0 0 0 0 1 
16 79		 0 0 0 0 1 
16 -9999		 
16 -9999		 
16 -9999		 
16 -9999		 
17 25		 0 1 0 0 0 
17 90		 0 1 0 0 0 
17 44		 0 0 0 1 0 
17 84		 0 0 0 0 1 
17 77		 1 0 0 0 0 
17 61		 0 1 0 0 0 
17 81		 0 1 0 0 0 
17 33		 0 0 1 0 0 
17 48		 0 0 1 0 0 
17 14		 0 0 0 1 0 
17 42		0 0 0 1 0 
17 9		0 0 0 1 0 
18 16		 0 0 0 0 1 
18 -9999		 
18 76		 0 0 0 0 1 
18 -9999		 
18 -9999		 
18 -9999		 
18 -9999		 
18 -9999		 
18 -9999		 
18 -9999		 
19 82		 0 0 0 0 1 
19 1		 0 0 1 0 0 
19 100		 0 0 1 0 0 
19 -9999		 
19 -9999		 
19 -9999		 
19 -9999		 
19 -9999		 
19 -9999		 
19 -9999		 
20 81		 0 0 0 1 0 
20 -9999		 
20 59		 1 0 0 0 0 
20 16		 0 0 0 0 1 
20 33		 0 0 0 0 1 
20 63		 0 0 0 0 1 
20 66		 0 0 0 0 1 
20 -9999		 
20 -9999		 
20 -9999		 
21 40		 0 0 0 0 1 
21 80		 0 0 0 0 1 
21 -9999		 
21 -9999		 
21 -9999		 
21 -9999		 
21 -9999		 
21 -9999		 
21 -9999		 
21 -9999		 
22 -9999		 
22 11		 0 0 0 0 1 
22 12		 0 0 0 0 1 
22 13		 0 0 0 0 1 
22 37		 0 0 0 0 1 
22 -9999		 
22 -9999		 
22 -9999		 
22 -9999		 
22 -9999		 
23 -9999		 
23 -9999		 
23 -9999		 
23 -9999		 
23 -9999		 
23 -9999		 
23 -9999		 
23 -9999		 
23 -9999		 
23 -9999		 
24 81		 0 1 0 0 0 
24 5		 0 0 0 0 1 
24 -9999		 
24 -9999		 
24 -9999		 
24 -9999		 
24 -9999		 
24 -9999		 
24 -9999		 
24 -9999		 
25 17		 0 1 0 0 0 
25 89		 0 1 1 0 0 
25 53		 0 0 0 0 1 
25 86		 0 0 0 0 1 
25 -9999		 
25 -9999		 
25 -9999		 
25 -9999		 
25 -9999		 
25 -9999		 
26 10		 0 0 0 0 1 
26 -9999		 
26 -9999		 
26 -9999		 
26 -9999		 
26 -9999		 
26 -9999		 
26 -9999		 
26 -9999		 
26 -9999		 
27 57		 0 0 1 0 0 
27 80		 1 0 0 0 0 
27 50		 0 1 0 0 0 
27 95		 0 0 1 0 0 
27 -9999		 
27 73		 1 0 0 0 0 
27 42		 0 1 0 0 0 
27 59		 0 1 0 0 0 
27 9		 0 1 0 0 0 
27 -9999		 
28 89		 1 0 0 0 0 
28 60		 0 0 0 0 1 
28 -9999		 
28 -9999		 
28 -9999		 
28 -9999		 
28 -9999		 
28 -9999		 
28 -9999		 
28 -9999		 
29 89		 0 0 0 1 0 
29 48		 0 0 0 0 1 
29 72		 0 0 0 0 1 
29 66		 0 0 0 0 1 
29 -9999		 
29 -9999		 
29 -9999		 
29 -9999		 
29 -9999		 
29 -9999		 
30 7		 0 0 0 0 1 
30 96		 0 0 0 0 1 
30 -9999		 
30 -9999		 
30 -9999		 
30 -9999		 
30 -9999		 
30 -9999		 
30 -9999		 
30 -9999		 
31 89		 0 0 1 0 0 
31 79		 0 0 0 0 1 
31 -9999		 
31 -9999		 
31 -9999		 
31 -9999		 
31 -9999		 
31 -9999		 
31 -9999		 
31 -9999		 
32 99		 0 1 0 0 0 
32 1		 0 0 1 0 0 
32 76		 0 0 0 0 1 
32 -9999		 
32 -9999		 
32 -9999		 
32 -9999		 
32 -9999		 
32 -9999		 
32 -9999		 
33 17		 0 0 1 0 0 
33 99		 0 0 1 0 0 
33 20		 0 0 0 0 1 
33 -9999		 
33 -9999		 
33 -9999		 
33 -9999		 
33 -9999		 
33 -9999		 
33 -9999		 
34 1		 0 1 0 0 0 
34 -9999		 
34 -9999		 
34 -9999		 
34 -9999		 
34 -9999		 
34 -9999		 
34 -9999		 
34 -9999		 
34 -9999		 
35 99		 0 0 1 0 0 
35 5		 0 0 0 0 1 
35 44		 0 0 0 0 1 
35 97		 0 0 0 0 1 
35 76		 0 0 0 0 1 
35 -9999		 
35 -9999		 
35 -9999		 
35 -9999		 
35 -9999		 
36 99		 0 1 0 0 0 
36 1		 0 0 1 0 0 
36 8		 0 0 0 0 1 
36 -9999		 
36 -9999		 
36 -9999		 
36 -9999		 
36 -9999		 
36 -9999		 
36 -9999		 
37 100		 0 0 1 0 0 
37 22		 0 0 0 0 1 
37 96		 0 0 0 0 1 
37 89		 0 0 0 0 1 
37 -9999		 
37 -9999		 
37 -9999		 
37 -9999		 
37 -9999		 
37 -9999		 
38 98		 0 0 0 0 1 
38 -9999		 
38 -9999		 
38 -9999		 
38 -9999		 
38 -9999		 
38 -9999		 
38 -9999		 
38 -9999		 
38 -9999		 
39 47		 1 0 0 0 0 
39 2		 0 0 0 0 1 
39 -9999		 
39 -9999		 
39 -9999		 
39 -9999		 
39 -9999		 
39 -9999		 
39 -9999		 
39 -9999		 
40 21		 0 0 0 0 1 
40 74		 0 0 0 0 1 
40 -9999		 
40 -9999		 
40 -9999		 
40 -9999		 
40 -9999		 
40 -9999		 
40 -9999		 
40 -9999		 
41 56		 0 0 0 0 1 
41 81		 0 1 0 0 0 
41 57		 0 0 0 0 1 
41 -9999		 
41 -9999		 
41 -9999		 
41 -9999		 
41 -9999		 
41 -9999		 
41 -9999		 
42 17		 0 0 0 1 0 
42 27		 0 1 0 0 0 
42 59		 0 1 0 0 0 
42 16		 0 0 0 0 1 
42 95		 0 0 0 0 1 
42 90		 0 0 0 0 1 
42 -9999		 
42 -9999		 
42 -9999		 
42 -9999		 
43 96		 0 0 0 0 1 
43 -9999		 
43 -9999		 
43 -9999		 
43 -9999		 
43 -9999		 
43 -9999		 
43 -9999		 
43 -9999		 
43 -9999		 
44 89		 1 0 0 0 0 
44 17		 0 0 0 1 0 
44 81		 0 0 0 1 0 
44 1		 0 0 0 0 1 
44 7		 0 0 0 0 1 
44 35		 0 0 0 0 1 
44 -9999		 
44 -9999		 
44 -9999		 
44 -9999		 
45 -9999		 
45 -9999		 
45 -9999		 
45 -9999		 
45 -9999		 
45 -9999		 
45 -9999		 
45 -9999		 
45 -9999		 
45 -9999		 
46 2		 0 0 0 0 1 
46 48		 0 0 0 0 1 
46 82		 0 0 0 0 1 
46 61		 0 0 0 0 1 
46 -9999		 
46 -9999		 
46 -9999		 
46 -9999		 
46 -9999		 
46 -9999		 
47 39		 1 0 0 0 0 
47 -9999		 
47 -9999		 
47 64		 0 0 0 1 0 
47 87		 0 0 1 0 0 
47 53		 1 0 0 0 0 
47 52		 0 1 0 0 0 
47 -9999		 
47 10		 0 0 1 0 0 
47 48		 0 1 0 0 1 
48 47		 0 1 0 0 1 
48 17		 0 0 1 0 0 
48 29		 0 0 0 0 1 
48 46		 0 0 0 0 1 
48 67		 0 0 0 0 1 
48 -9999		 
48 -9999		 
48 -9999		 
48 -9999		 
48 -9999		 
49 8		 0 0 0 0 1 
49 -9999		 
49 -9999		 
49 -9999		 
49 -9999		 
49 -9999		 
49 -9999		 
49 -9999		 
49 -9999		 
49 -9999		 
50 27		 0 1 0 0 0 
50 73		 0 0 0 0 1 
50 -9999		 
50 -9999		 
50 -9999		 
50 -9999		 
50 -9999		 
50 -9999		 
50 -9999		 
50 -9999		 
51 100		 1 0 0 0 0 
51 1		 0 0 0 1 0 
51 99		 0 0 0 0 1 
51 63		 0 0 0 0 1 
51 57		 0 0 0 0 1 
51 76		 0 0 0 0 1 
51 -9999		 
51 -9999		 
51 -9999		 
51 -9999		 
52 81		 1 0 0 0 0 
52 47		 0 1 0 0 0 
52 99		 0 0 0 1 0 
52 -9999		 
52 -9999		 
52 -9999		 
52 -9999		 
52 -9999		 
52 -9999		 
52 -9999		 
53 1		 1 1 0 0 0 
53 47		 1 0 0 0 0 
53 100		 1 0 0 0 0 
53 25		 0 0 0 0 1 
53 -9999		 
53 -9999		 
53 -9999		 
53 -9999		 
53 -9999		 
53 -9999		 
54 66		 0 0 0 0 1 
54 -9999		 
54 -9999		 
54 -9999		 
54 -9999		 
54 -9999		 
54 -9999		 
54 -9999		 
54 -9999		 
54 -9999		 
55 15		 0 0 0 0 1 
55 -9999		 
55 56		 0 0 0 0 1 
55 85		 0 0 0 0 1 
55 90		 0 0 0 0 1 
55 -9999		 
55 -9999		 
55 -9999		 
55 -9999		 
55 -9999		 
56 41		 0 0 0 0 1 
56 55		 0 0 0 0 1 
56 58		 0 0 0 0 1 
56 97		 0 0 0 0 1 
56 -9999		 
56 -9999		 
56 -9999		 
56 -9999		 
56 -9999		 
56 -9999		 
57 27		 0 0 1 0 0 
57 2		 0 0 0 0 1 
57 41		 0 0 0 0 1 
57 51		 0 0 0 0 1 
57 85		 0 0 0 0 1 
57 -9999		 
57 -9999		 
57 -9999		 
57 -9999		 
57 -9999		 
58 56		 0 0 0 0 1 
58 -9999		 
58 99		 0 1 0 0 0 
58 69		 0 0 0 0 1 
58 -9999		 
58 -9999		 
58 -9999		 
58 -9999		 
58 -9999		 
58 -9999		 
59 20		 1 0 0 0 0 
59 -9999		 
59 15		 0 0 0 0 1 
59 42		 0 1 0 0 0 
59 84		 0 0 0 0 1 
59 27		 0 1 0 0 0 
59 87		 0 0 0 0 1 
59 7		 0 0 1 0 1 
59 -9999		 
59 66		 0 0 1 0 0 
60 28		 0 0 0 0 1 
60 71		 0 0 0 0 1 
60 -9999		 
60 -9999		 
60 -9999		 
60 -9999		 
60 -9999		 
60 -9999		 
60 -9999		 
60 -9999		 
61 46		 0 0 0 0 1 
61 17		 0 1 0 0 0 
61 100		 0 1 0 0 0 
61 66		 0 0 0 0 1 
61 -9999		 
61 -9999		 
61 -9999		 
61 -9999		 
61 -9999		 
61 -9999		 
62 97		 0 0 0 0 1 
62 -9999		 
62 -9999		 
62 -9999		 
62 -9999		 
62 -9999		 
62 -9999		 
62 -9999		 
62 -9999		 
62 -9999		 
63 20		 0 0 0 0 1 
63 -9999		 
63 51		 0 0 0 0 1 
63 72		 0 0 0 0 1 
63 -9999		 
63 -9999		 
63 -9999		 
63 -9999		 
63 -9999		 
63 -9999		 
64 1		 0 0 0 1 0 
64 47		 0 0 0 1 0 
64 -9999		 
64 -9999		 
64 -9999		 
64 -9999		 
64 -9999		 
64 -9999		 
64 -9999		 
64 -9999		 
65 77		 0 0 0 0 1 
65 -9999		 
65 -9999		 
65 -9999		 
65 -9999		 
65 -9999		 
65 -9999		 
65 -9999		 
65 -9999		 
65 -9999		 
66 59		 0 0 1 0 0 
66 20		 0 0 0 0 1 
66 29		 0 0 0 0 1 
66 54		 0 0 0 0 1 
66 61		 0 0 0 0 1 
66 -9999		 
66 -9999		 
66 -9999		 
66 -9999		 
66 -9999		 
67 48		 0 0 0 0 1 
67 89		 0 1 0 0 0 
67 -9999		 
67 76		 0 0 0 0 1 
67 96		 0 0 0 0 1 
67 -9999		 
67 -9999		 
67 -9999		 
67 -9999		 
67 -9999		 
68 -9999		 
68 -9999		 
68 -9999		 
68 -9999		 
68 -9999		 
68 -9999		 
68 -9999		 
68 -9999		 
68 -9999		 
68 -9999		 
69 58		 0 0 0 0 1 
69 -9999		 
69 -9999		 
69 -9999		 
69 -9999		 
69 -9999		 
69 -9999		 
69 -9999		 
69 -9999		 
69 -9999		 
70 1		 1 0 0 0 0 
70 -9999		 
70 -9999		 
70 -9999		 
70 -9999		 
70 -9999		 
70 -9999		 
70 -9999		 
70 -9999		 
70 -9999		 
71 60		 0 0 0 0 1 
71 -9999		 
71 -9999		 
71 -9999		 
71 -9999		 
71 -9999		 
71 -9999		 
71 -9999		 
71 -9999		 
71 -9999		 
72 8		 0 0 0 0 1 
72 29		 0 0 0 0 1 
72 63		 0 0 0 0 1 
72 89		 0 0 0 0 1 
72 -9999		 
72 -9999		 
72 -9999		 
72 -9999		 
72 -9999		 
72 -9999		 
73 27		 1 0 0 0 0 
73 50		 0 0 0 0 1 
73 79		 0 0 0 0 1 
73 74		 0 0 0 0 1 
73 80		 0 0 0 0 1 
73 -9999		 
73 -9999		 
73 -9999		 
73 -9999		 
73 -9999		 
74 4		 0 0 0 0 1 
74 10		 0 0 0 0 1 
74 40		 0 0 0 0 1 
74 73		 0 0 0 0 1 
74 -9999		 
74 -9999		 
74 -9999		 
74 -9999		 
74 -9999		 
74 -9999		 
75 -9999		 
75 -9999		 
75 -9999		 
75 -9999		 
75 -9999		 
75 -9999		 
75 -9999		 
75 -9999		 
75 -9999		 
75 -9999		 
76 18		 0 0 0 0 1 
76 32		 0 0 0 0 1 
76 35		 0 0 0 0 1 
76 51		 0 0 0 0 1 
76 67		 0 0 0 0 1 
76 81		 0 0 0 0 1 
76 -9999		 
76 -9999		 
76 -9999		 
76 -9999		 
77 17		 1 0 0 0 0 
77 12		 0 0 0 0 1 
77 65		 0 0 0 0 1 
77 85		 0 0 0 0 1 
77 87		 0 0 0 0 1 
77 -9999		 
77 -9999		 
77 -9999		 
77 -9999		 
77 -9999		 
78 81		 1 0 0 0 0 
78 -9999		 
78 -9999		 
78 -9999		 
78 -9999		 
78 -9999		 
78 -9999		 
78 -9999		 
78 -9999		 
78 -9999		 
79 16		 0 0 0 0 1 
79 31		 0 0 0 0 1 
79 73		 0 0 0 0 1 
79 -9999		 
79 -9999		 
79 -9999		 
79 -9999		 
79 -9999		 
79 -9999		 
79 -9999		 
80 27		 1 0 0 0 0 
80 21		 0 0 0 0 1 
80 73		 0 0 0 0 1 
80 -9999		 
80 -9999		 
80 -9999		 
80 -9999		 
80 -9999		 
80 -9999		 
80 -9999		 
81 96		 1 0 0 0 0 
81 91		 0 0 1 0 0 
81 52		 1 0 0 0 0 
81 78		 1 0 0 0 0 
81 41		 0 1 0 0 0 
81 24		 0 1 0 0 0 
81 44		 0 0 0 1 0 
81 17		 0 1 0 0 0 
81 7		 0 0 0 1 0 
81 20		 0 0 0 1 0 
81 76		0 0 0 0 1 
81 9		0 0 0 0 1 
82 1		 0 1 0 0 0 
82 9		 0 0 0 0 1 
82 19		 0 0 0 0 1 
82 46		 0 0 0 0 1 
82 -9999		 
82 -9999		 
82 -9999		 
82 -9999		 
82 -9999		 
82 -9999		 
83 99		 1 0 0 1 0 
83 89		 0 1 0 0 0 
83 98		 0 0 0 0 1 
83 -9999		 
83 -9999		 
83 -9999		 
83 -9999		 
83 -9999		 
83 -9999		 
83 -9999		 
84 17		 0 0 0 0 1 
84 59		 0 0 0 0 1 
84 -9999		 
84 -9999		 
84 -9999		 
84 -9999		 
84 -9999		 
84 -9999		 
84 -9999		 
84 -9999		 
85 55		 0 0 0 0 1 
85 57		 0 0 0 0 1 
85 77		 0 0 0 0 1 
85 -9999		 
85 -9999		 
85 -9999		 
85 -9999		 
85 -9999		 
85 -9999		 
85 -9999		 
86 -9999		 
86 14		 0 0 0 0 1 
86 25		 0 0 0 0 1 
86 -9999		 
86 -9999		 
86 -9999		 
86 -9999		 
86 -9999		 
86 -9999		 
86 -9999		 
87 59		 0 0 0 0 1 
87 89		 1 0 0 0 0 
87 77		 0 0 0 0 1 
87 47		 0 0 1 0 0 
87 -9999		 
87 -9999		 
87 -9999		 
87 -9999		 
87 -9999		 
87 -9999		 
88 99		 0 1 0 0 0 
88 -9999		 
88 -9999		 
88 -9999		 
88 -9999		 
88 -9999		 
88 -9999		 
88 -9999		 
88 -9999		 
88 -9999		 
89 31		 0 0 1 0 0 
89 90		 1 0 0 0 0 
89 67		 0 1 0 0 0 
89 91		 0 0 0 0 1 
89 87		 1 0 0 0 0 
89 29		 0 0 0 1 0 
89 25		 0 1 1 0 0 
89 44		 1 0 0 0 0 
89 83		 0 1 0 0 0 
89 28		 1 0 0 0 0 
89 72		0 0 0 0 1 
89 37		0 0 0 0 1 
90 1		 0 0 0 0 1 
90 89		 1 0 0 0 0 
90 17		 0 1 0 0 0 
90 42		 0 0 0 0 1 
90 55		 0 0 0 0 1 
90 -9999		 
90 -9999		 
90 -9999		 
90 -9999		 
90 -9999		 
91 81		 0 0 1 0 0 
91 1		 0 0 0 0 1 
91 89		 0 0 0 0 1 
91 -9999		 
91 -9999		 
91 -9999		 
91 -9999		 
91 -9999		 
91 -9999		 
91 -9999		 
92 -9999		 
92 -9999		 
92 -9999		 
92 -9999		 
92 -9999		 
92 -9999		 
92 -9999		 
92 -9999		 
92 -9999		 
92 -9999		 
93 -9999		 
93 -9999		 
93 -9999		 
93 -9999		 
93 -9999		 
93 -9999		 
93 -9999		 
93 -9999		 
93 -9999		 
93 -9999		 
94 99		 0 0 0 1 0 
94 -9999		 
94 -9999		 
94 -9999		 
94 -9999		 
94 -9999		 
94 -9999		 
94 -9999		 
94 -9999		 
94 -9999		 
95 99		 0 1 0 0 0 
95 27		 0 0 1 0 0 
95 4		 0 0 0 0 1 
95 42		 0 0 0 0 1 
95 -9999		 
95 -9999		 
95 -9999		 
95 -9999		 
95 -9999		 
95 -9999		 
96 99		 0 0 1 0 1 
96 81		 1 0 0 0 0 
96 30		 0 0 0 0 1 
96 37		 0 0 0 0 1 
96 43		 0 0 0 0 1 
96 67		 0 0 0 0 1 
96 -9999		 
96 -9999		 
96 -9999		 
96 -9999		 
97 -9999		 
97 -9999		 
97 100		 0 0 1 0 0 
97 35		 0 0 0 0 1 
97 56		 0 0 0 0 1 
97 62		 0 0 0 0 1 
97 -9999		 
97 -9999		 
97 -9999		 
97 -9999		 
98 4		 0 0 0 0 1 
98 38		 0 0 0 0 1 
98 83		 0 0 0 0 1 
98 -9999		 
98 -9999		 
98 -9999		 
98 -9999		 
98 -9999		 
98 -9999		 
98 -9999		 
99 96		 0 0 1 0 1 
99 94		 0 0 0 1 0 
99 51		 0 0 0 0 1 
99 83		 1 0 0 1 0 
99 32		 0 1 0 0 0 
99 36		 0 1 0 0 0 
99 58		 0 1 0 0 0 
99 88		 0 1 0 0 0 
99 52		 0 0 0 1 0 
99 95		 0 1 0 0 0 
99 35		0 0 1 0 0 
99 33		0 0 1 0 0 
100 97		 0 0 1 0 0 
100 53		 1 0 0 0 0 
100 -9999		 
100 19		 0 0 1 0 0 
100 -9999		 
100 37		 0 0 1 0 0 
100 -9999		 
100 51		 1 0 0 0 0 
100 61		 0 1 0 0 0 
100 3		 0 1 0 0 0 
