1 46		 0 0 0 1 0 
1 94		 0 1 0 0 0 
1 51		 0 1 0 0 0 
1 44		 1 0 0 0 0 
1 89		 0 0 1 0 0 
1 69		 0 0 1 0 0 
1 75		 0 0 0 1 0 
1 36		 0 0 0 1 0 
1 60		 1 0 0 0 0 
1 70		 0 0 1 0 0 
1 98		0 0 1 0 0 
2 65		 1 0 0 0 0 
2 16		 1 0 0 0 0 
2 88		 0 1 0 0 0 
2 22		 0 1 0 0 0 
2 -9999		 
2 80		 0 0 1 0 0 
2 71		 0 0 1 0 0 
2 81		 0 0 1 0 0 
2 38		 0 0 1 0 0 
2 54		 0 0 0 1 0 
3 62		 0 0 1 0 0 
3 31		 1 0 0 0 0 
3 50		 0 0 1 0 0 
3 7		 0 0 1 0 0 
3 23		 0 0 1 0 0 
3 28		 0 0 0 1 0 
3 92		 0 0 0 1 0 
3 41		 0 0 0 0 1 
3 75		 0 0 0 0 1 
3 83		 0 0 0 0 1 
3 10		1 0 0 0 0 
3 46		1 0 0 0 0 
4 37		 0 0 0 0 1 
4 95		 0 0 0 0 1 
4 93		 0 0 0 0 1 
4 57		 0 0 0 0 1 
4 94		 0 1 0 0 0 
4 77		 0 1 0 0 0 
4 89		 0 1 0 0 0 
4 87		 0 0 1 0 0 
4 73		 0 0 0 1 0 
4 42		 0 0 0 1 0 
4 31		0 1 0 0 0 
5 92		 1 0 0 0 0 
5 48		 0 1 0 0 0 
5 21		 0 1 0 0 0 
5 -9999		 
5 -9999		 
5 -9999		 
5 100		 0 0 0 0 1 
5 -9999		 
5 -9999		 
5 -9999		 
6 13		 1 0 0 0 0 
6 47		 0 0 0 0 1 
6 72		 0 0 0 0 1 
6 59		 0 1 0 0 0 
6 12		 0 1 0 0 0 
6 -9999		 
6 -9999		 
6 -9999		 
6 58		 0 0 1 0 0 
6 67		 0 0 0 1 0 
7 77		 0 0 0 0 1 
7 98		 1 0 0 1 0 
7 35		 0 0 0 1 0 
7 81		 1 1 0 0 0 
7 85		 1 0 0 0 0 
7 78		 0 1 0 0 0 
7 -9999		 
7 52		 1 0 0 0 0 
7 -9999		 
7 3		 0 0 1 0 0 
8 55		 1 0 0 0 0 
8 17		 1 0 0 0 0 
8 23		 0 1 0 0 0 
8 85		 0 1 0 0 0 
8 -9999		 
8 -9999		 
8 42		 0 0 0 1 0 
8 47		 0 0 0 0 1 
8 73		 0 0 0 0 1 
8 -9999		 
9 70		 0 0 1 0 0 
9 44		 0 0 0 0 1 
9 58		 1 0 0 0 0 
9 19		 1 0 0 0 0 
9 -9999		 
9 -9999		 
9 68		 0 0 0 1 0 
9 -9999		 
9 -9999		 
9 -9999		 
10 3		 1 0 0 0 0 
10 27		 1 0 0 0 0 
10 13		 1 0 0 0 0 
10 60		 0 1 0 0 0 
10 -9999		 
10 20		 0 0 1 0 0 
10 82		 0 0 1 0 0 
10 49		 1 0 0 0 0 
10 -9999		 
10 -9999		 
11 23		 0 0 0 0 1 
11 44		 1 0 0 0 0 
11 94		 0 1 0 0 0 
11 70		 0 1 0 0 0 
11 63		 0 0 1 0 0 
11 45		 0 0 0 1 0 
11 74		 0 0 0 1 0 
11 38		 0 0 0 1 0 
11 76		 0 0 0 1 0 
11 87		 0 0 0 0 1 
11 25		1 0 0 0 0 
11 88		1 0 0 0 0 
11 55		0 0 0 0 1 
12 51		 0 0 0 0 1 
12 76		 0 0 0 0 1 
12 67		 0 0 0 1 0 
12 38		 0 0 0 1 1 
12 35		 0 0 0 1 0 
12 20		 1 0 0 0 0 
12 60		 0 1 0 0 0 
12 57		 0 1 0 0 0 
12 6		 0 1 0 0 0 
12 41		 0 0 1 0 0 
12 46		0 0 1 0 0 
12 65		0 0 1 0 0 
12 54		0 0 1 0 0 
13 46		 0 0 0 0 1 
13 91		 0 0 0 0 1 
13 79		 1 0 0 0 0 
13 60		 1 0 0 0 0 
13 19		 0 1 0 0 0 
13 51		 0 0 1 0 0 
13 73		 0 0 1 0 0 
13 74		 0 0 0 1 0 
13 95		 0 0 0 1 0 
13 81		 0 0 0 1 0 
13 97		0 1 0 0 0 
13 40		0 1 0 0 0 
13 100		1 0 0 0 0 
13 10		1 0 0 0 0 
13 6		1 0 0 0 0 
14 95		 0 1 0 0 0 
14 79		 0 1 0 0 0 
14 -9999		 
14 91		 0 0 0 0 1 
14 -9999		 
14 -9999		 
14 42		 0 0 1 0 0 
14 -9999		 
14 -9999		 
14 -9999		 
15 59		 0 1 0 0 0 
15 37		 0 0 0 0 1 
15 48		 0 0 0 1 0 
15 54		 0 1 0 0 0 
15 98		 0 1 0 0 0 
15 96		 0 0 1 0 0 
15 22		 0 0 1 0 0 
15 87		 0 0 1 0 0 
15 42		 0 0 1 0 0 
15 75		 0 0 0 1 0 
16 59		 1 0 0 0 1 
16 49		 1 0 0 0 0 
16 75		 0 0 0 1 0 
16 20		 0 0 0 1 0 
16 78		 0 0 0 0 1 
16 2		 1 0 0 0 0 
16 22		 0 0 0 0 1 
16 58		 0 1 0 0 0 
16 96		 0 1 0 0 0 
16 23		 1 0 0 0 0 
17 -9999		 
17 -9999		 
17 52		 0 1 0 0 0 
17 8		 1 0 0 0 0 
17 28		 0 1 0 0 0 
17 -9999		 
17 -9999		 
17 -9999		 
17 72		 0 0 1 0 0 
17 24		 0 0 0 0 1 
18 45		 0 0 0 0 1 
18 91		 1 0 0 0 0 
18 85		 0 0 0 1 1 
18 61		 0 1 0 0 0 
18 -9999		 
18 30		 0 0 1 0 0 
18 41		 0 0 1 0 0 
18 74		 0 0 1 0 1 
18 64		 0 0 0 1 0 
18 52		 0 0 0 1 0 
19 9		 1 0 0 0 0 
19 26		 0 0 0 1 0 
19 61		 0 0 0 0 1 
19 42		 1 0 0 0 0 
19 54		 0 0 0 0 1 
19 13		 0 1 0 0 0 
19 63		 0 1 0 0 0 
19 -9999		 
19 22		 0 0 1 0 0 
19 76		 0 0 0 0 1 
20 77		 0 0 0 1 0 
20 81		 1 0 0 0 0 
20 12		 1 0 0 0 0 
20 16		 0 0 0 1 0 
20 64		 0 0 0 0 1 
20 41		 0 0 0 0 1 
20 83		 0 0 0 1 0 
20 10		 0 0 1 0 0 
20 23		 0 0 0 1 0 
20 93		 0 0 0 1 0 
20 100		1 0 0 0 0 
21 47		 1 0 0 0 0 
21 5		 0 1 0 0 0 
21 29		 0 1 0 0 0 
21 -9999		 
21 46		 0 1 1 0 0 
21 50		 0 0 1 0 0 
21 94		 0 0 0 1 0 
21 43		 0 1 0 0 0 
21 -9999		 
21 -9999		 
22 16		 0 0 0 0 1 
22 99		 0 0 0 0 1 
22 27		 0 0 0 0 1 
22 38		 0 0 0 0 1 
22 80		 0 0 0 1 0 
22 58		 1 0 0 0 0 
22 72		 0 0 0 1 0 
22 2		 0 1 0 0 0 
22 15		 0 0 1 0 0 
22 19		 0 0 1 0 0 
22 54		0 0 1 0 0 
22 81		0 0 1 0 0 
23 96		 1 0 0 0 0 
23 54		 0 1 0 0 0 
23 8		 0 1 0 0 0 
23 58		 1 0 0 0 0 
23 3		 0 0 1 0 0 
23 41		 0 0 1 0 0 
23 20		 0 0 0 1 0 
23 24		 0 0 0 1 0 
23 11		 0 0 0 0 1 
23 16		 1 0 0 0 0 
24 93		 0 0 1 0 0 
24 98		 0 0 0 0 1 
24 52		 1 0 0 0 0 
24 57		 0 1 0 0 0 
24 47		 1 0 0 0 0 
24 73		 1 0 0 0 0 
24 23		 0 0 0 1 0 
24 17		 0 0 0 0 1 
24 74		 0 0 0 0 1 
24 37		 0 0 0 0 1 
25 42		 0 1 0 0 0 
25 88		 0 0 1 0 0 
25 91		 0 0 0 0 1 
25 29		 0 0 0 1 0 
25 11		 1 0 0 0 0 
25 62		 0 0 0 1 0 
25 60		 0 1 0 0 0 
25 -9999		 
25 -9999		 
25 70		 0 0 0 1 0 
26 88		 1 0 0 0 0 
26 61		 0 1 0 0 0 
26 -9999		 
26 19		 0 0 0 1 0 
26 51		 0 0 0 1 0 
26 81		 0 0 0 1 0 
26 65		 0 0 0 0 1 
26 49		 0 0 0 0 1 
26 55		 1 0 0 0 0 
26 -9999		 
27 57		 0 0 0 1 0 
27 39		 0 0 1 0 0 
27 35		 0 0 0 1 0 
27 22		 0 0 0 0 1 
27 72		 1 0 0 0 0 
27 48		 0 0 0 0 1 
27 96		 0 1 0 0 1 
27 10		 1 0 0 0 0 
27 78		 1 0 0 0 0 
27 83		 1 0 0 0 0 
27 28		0 1 0 0 0 
28 -9999		 
28 17		 0 1 0 0 0 
28 27		 0 1 0 0 0 
28 47		 0 1 0 0 0 
28 -9999		 
28 -9999		 
28 3		 0 0 0 1 0 
28 61		 0 0 0 1 0 
28 62		 0 0 0 0 1 
28 70		 0 0 0 0 1 
29 63		 0 0 0 1 0 
29 40		 1 0 0 1 0 
29 65		 1 0 0 0 0 
29 32		 1 0 0 0 0 
29 21		 0 1 0 0 0 
29 41		 0 1 0 0 0 
29 -9999		 
29 86		 0 0 1 0 0 
29 88		 0 0 1 0 1 
29 25		 0 0 0 1 0 
30 35		 0 0 0 0 1 
30 50		 1 0 0 0 0 
30 47		 0 1 0 0 0 
30 76		 0 1 0 0 0 
30 -9999		 
30 -9999		 
30 18		 0 0 1 0 0 
30 82		 0 0 1 0 0 
30 91		 0 0 1 0 0 
30 61		 0 0 0 1 0 
31 60		 0 0 0 1 0 
31 3		 1 0 0 0 0 
31 4		 0 1 0 0 0 
31 49		 0 1 0 0 0 
31 38		 0 1 0 0 0 
31 -9999		 
31 80		 1 0 0 0 0 
31 86		 1 0 0 0 0 
31 55		 0 1 0 0 0 
31 -9999		 
32 78		 0 0 1 0 0 
32 87		 0 0 0 1 0 
32 29		 1 0 0 0 0 
32 81		 1 0 0 0 0 
32 94		 0 1 0 0 0 
32 36		 0 1 0 0 0 
32 -9999		 
32 -9999		 
32 93		 1 0 0 0 0 
32 98		 1 0 0 0 0 
33 46		 0 1 0 0 0 
33 93		 0 0 0 1 0 
33 57		 1 0 0 0 0 
33 82		 0 1 0 0 0 
33 95		 0 1 0 0 0 
33 -9999		 
33 -9999		 
33 64		 0 0 0 1 0 
33 39		 0 0 0 0 1 
33 65		 1 0 0 0 0 
34 91		 0 0 0 1 0 
34 -9999		 
34 -9999		 
34 57		 0 0 0 0 1 
34 47		 1 0 0 0 0 
34 -9999		 
34 -9999		 
34 -9999		 
34 -9999		 
34 -9999		 
35 7		 0 0 0 1 0 
35 -9999		 
35 -9999		 
35 -9999		 
35 -9999		 
35 12		 0 0 0 1 0 
35 27		 0 0 0 1 0 
35 62		 0 0 0 1 0 
35 30		 0 0 0 0 1 
35 69		 0 1 0 0 1 
36 61		 0 0 1 0 0 
36 77		 0 0 1 0 0 
36 74		 0 0 0 0 1 
36 63		 1 0 0 0 0 
36 1		 0 0 0 1 0 
36 90		 0 0 1 0 0 
36 32		 0 1 0 0 0 
36 69		 0 1 0 0 0 
36 94		 0 0 1 0 0 
36 73		 0 0 1 0 0 
36 83		0 1 0 0 0 
37 4		 0 0 0 0 1 
37 85		 1 0 0 0 0 
37 -9999		 
37 -9999		 
37 -9999		 
37 -9999		 
37 15		 0 0 0 0 1 
37 24		 0 0 0 0 1 
37 -9999		 
37 -9999		 
38 63		 0 0 0 0 1 
38 31		 0 1 0 0 0 
38 59		 1 0 0 0 0 
38 22		 0 0 0 0 1 
38 69		 0 0 0 1 0 
38 75		 0 0 1 0 0 
38 2		 0 0 1 0 0 
38 74		 0 0 1 0 0 
38 11		 0 0 0 1 0 
38 12		 0 0 0 1 1 
38 94		0 0 0 1 0 
39 92		 0 1 0 0 0 
39 40		 0 0 0 0 1 
39 77		 1 0 0 0 0 
39 51		 1 0 0 0 0 
39 98		 0 1 0 0 1 
39 27		 0 0 1 0 0 
39 54		 0 0 1 0 0 
39 47		 0 0 0 1 0 
39 53		 0 0 0 1 0 
39 33		 0 0 0 0 1 
39 96		0 0 0 0 1 
39 57		0 0 0 0 1 
40 93		 0 0 0 0 1 
40 70		 0 0 0 0 1 
40 58		 0 1 0 0 0 
40 61		 1 0 0 0 0 
40 59		 0 0 0 0 1 
40 13		 0 1 0 0 0 
40 39		 0 0 0 0 1 
40 41		 0 0 0 1 0 
40 72		 0 0 1 0 0 
40 48		 0 0 1 0 0 
40 98		0 0 0 1 0 
40 82		0 0 0 1 0 
40 29		1 0 0 1 0 
41 94		 0 0 0 0 1 
41 12		 0 0 1 0 0 
41 20		 0 0 0 0 1 
41 99		 1 0 0 0 0 
41 3		 0 0 0 0 1 
41 40		 0 0 0 1 0 
41 61		 0 1 0 0 0 
41 18		 0 0 1 0 0 
41 23		 0 0 1 0 0 
41 54		 0 0 1 0 0 
41 29		0 1 0 0 0 
41 64		0 0 1 0 0 
41 78		0 0 1 0 0 
42 45		 0 0 0 1 0 
42 14		 0 0 1 0 0 
42 15		 0 0 1 0 0 
42 60		 1 0 0 1 0 
42 43		 0 0 0 1 0 
42 19		 1 0 0 0 0 
42 86		 0 0 1 0 0 
42 4		 0 0 0 1 0 
42 8		 0 0 0 1 0 
42 72		 0 0 0 1 0 
42 46		0 1 0 0 0 
42 75		0 1 0 0 0 
42 25		0 1 0 0 0 
42 82		1 0 0 0 0 
42 79		1 0 0 0 0 
42 77		1 0 0 0 0 
43 76		 1 0 0 0 0 
43 21		 0 1 0 0 0 
43 -9999		 
43 -9999		 
43 -9999		 
43 83		 0 0 1 0 0 
43 42		 0 0 0 1 0 
43 47		 0 0 0 1 0 
43 50		 0 0 0 0 1 
43 94		 1 0 0 0 0 
44 63		 0 0 1 0 0 
44 9		 0 0 0 0 1 
44 57		 0 0 0 0 1 
44 1		 1 0 0 0 0 
44 11		 1 0 0 0 0 
44 48		 1 0 0 0 0 
44 61		 0 0 1 0 0 
44 72		 0 1 1 0 0 
44 99		 0 0 1 0 0 
44 51		 0 0 0 1 0 
44 84		0 1 0 0 0 
44 100		1 0 0 0 0 
44 92		1 0 0 0 0 
45 83		 1 0 0 0 0 
45 99		 0 1 0 0 0 
45 -9999		 
45 -9999		 
45 84		 0 0 1 0 0 
45 94		 0 0 1 0 0 
45 11		 0 0 0 1 0 
45 42		 0 0 0 1 0 
45 18		 0 0 0 0 1 
45 68		 1 0 0 0 0 
46 70		 0 0 0 0 1 
46 13		 0 0 0 0 1 
46 64		 0 0 0 1 0 
46 1		 0 0 0 1 0 
46 3		 1 0 0 0 0 
46 79		 0 0 1 0 0 
46 42		 0 1 0 0 0 
46 33		 0 1 0 0 0 
46 100		 0 0 1 1 0 
46 57		 0 0 1 0 0 
46 21		0 1 1 0 0 
46 12		0 0 1 0 0 
47 88		 0 0 1 0 0 
47 34		 1 0 0 0 0 
47 39		 0 0 0 1 0 
47 6		 0 0 0 0 1 
47 43		 0 0 0 1 0 
47 91		 0 0 0 1 0 
47 8		 0 0 0 0 1 
47 87		 0 0 0 0 1 
47 93		 0 0 0 0 1 
47 21		 1 0 0 0 0 
47 90		0 1 0 0 0 
47 30		0 1 0 0 0 
47 28		0 1 0 0 0 
47 24		1 0 0 0 0 
48 75		 0 0 0 0 1 
48 15		 0 0 0 1 0 
48 64		 0 0 0 0 1 
48 44		 1 0 0 0 0 
48 5		 0 1 0 0 0 
48 56		 0 1 0 0 0 
48 74		 0 1 0 0 0 
48 40		 0 0 1 0 0 
48 97		 0 0 0 1 0 
48 27		 0 0 0 0 1 
49 10		 1 0 0 0 0 
49 31		 0 1 0 0 0 
49 -9999		 
49 57		 0 0 1 0 0 
49 56		 0 0 1 0 0 
49 26		 0 0 0 0 1 
49 68		 0 0 0 0 1 
49 16		 1 0 0 0 0 
49 95		 1 0 0 0 0 
49 94		 1 0 0 0 0 
50 3		 0 0 1 0 0 
50 30		 1 0 0 0 0 
50 51		 0 1 0 0 0 
50 -9999		 
50 -9999		 
50 21		 0 0 1 0 0 
50 43		 0 0 0 0 1 
50 67		 0 0 0 0 1 
50 76		 0 0 0 0 1 
50 60		 1 0 0 0 0 
51 73		 0 0 0 1 1 
51 67		 0 0 0 1 0 
51 72		 0 0 0 0 1 
51 12		 0 0 0 0 1 
51 55		 0 0 0 1 0 
51 44		 0 0 0 1 0 
51 100		 1 0 0 0 0 
51 64		 1 0 0 0 0 
51 13		 0 0 1 0 0 
51 95		 0 0 1 0 0 
51 86		0 1 0 0 0 
51 56		0 1 0 0 0 
51 50		0 1 0 0 0 
51 1		0 1 0 0 0 
51 39		1 0 0 0 0 
51 26		0 0 0 1 0 
51 89		0 0 1 0 0 
51 69		0 0 1 0 0 
52 69		 0 0 1 0 0 
52 18		 0 0 0 1 0 
52 83		 0 0 0 0 1 
52 7		 1 0 0 0 0 
52 17		 0 1 0 0 0 
52 -9999		 
52 -9999		 
52 24		 1 0 0 0 0 
52 63		 1 0 0 0 0 
52 -9999		 
53 98		 1 0 1 0 0 
53 -9999		 
53 -9999		 
53 66		 1 0 0 0 0 
53 -9999		 
53 67		 0 0 1 0 0 
53 39		 0 0 0 1 0 
53 86		 0 0 0 1 0 
53 58		 0 0 0 0 1 
53 99		 0 0 0 0 1 
54 82		 0 0 0 0 1 
54 93		 0 0 0 1 0 
54 19		 0 0 0 0 1 
54 69		 0 1 0 0 0 
54 75		 0 1 0 0 0 
54 12		 0 0 1 0 0 
54 22		 0 0 1 0 0 
54 39		 0 0 1 0 0 
54 41		 0 0 1 0 0 
54 2		 0 0 0 1 0 
54 97		0 1 0 0 0 
54 23		0 1 0 0 0 
54 15		0 1 0 0 0 
54 59		0 0 0 1 0 
55 11		 0 0 0 0 1 
55 26		 1 0 0 0 0 
55 88		 0 0 0 1 0 
55 51		 0 0 0 1 0 
55 95		 0 1 1 0 0 
55 8		 1 0 0 0 0 
55 31		 0 1 0 0 0 
55 64		 0 1 0 0 0 
55 100		 0 1 0 0 0 
55 -9999		 
56 58		 1 0 0 0 0 
56 48		 0 1 0 0 0 
56 51		 0 1 0 0 0 
56 95		 0 1 0 0 0 
56 49		 0 0 1 0 0 
56 91		 0 0 0 1 0 
56 77		 0 0 0 1 0 
56 -9999		 
56 -9999		 
56 -9999		 
57 49		 0 0 1 0 0 
57 100		 0 0 0 0 1 
57 67		 0 0 0 0 1 
57 74		 0 0 0 0 1 
57 85		 0 0 0 0 1 
57 92		 1 0 0 0 0 
57 33		 1 0 0 0 0 
57 44		 0 0 0 0 1 
57 89		 0 1 0 0 0 
57 24		 0 1 0 0 0 
57 12		0 1 0 0 0 
57 39		0 0 0 0 1 
57 34		0 0 0 0 1 
57 4		0 0 0 0 1 
57 27		0 0 0 1 0 
57 46		0 0 1 0 0 
58 76		 0 0 0 0 1 
58 56		 1 0 0 0 0 
58 6		 0 0 1 0 0 
58 53		 0 0 0 0 1 
58 23		 1 0 0 0 0 
58 22		 1 0 0 0 0 
58 9		 1 0 0 0 0 
58 40		 0 1 0 0 0 
58 16		 0 1 0 0 0 
58 100		 0 0 1 0 0 
58 91		0 0 0 1 0 
59 -9999		 
59 -9999		 
59 15		 0 1 0 0 0 
59 54		 0 0 0 1 0 
59 38		 1 0 0 0 0 
59 16		 1 0 0 0 1 
59 87		 0 0 1 0 0 
59 6		 0 1 0 0 0 
59 40		 0 0 0 0 1 
59 67		 0 0 0 0 1 
60 67		 0 0 0 0 1 
60 92		 0 0 0 0 1 
60 50		 1 0 0 0 0 
60 13		 1 0 0 0 0 
60 90		 0 1 0 0 0 
60 25		 0 1 0 0 0 
60 12		 0 1 0 0 0 
60 31		 0 0 0 1 0 
60 42		 1 0 0 1 0 
60 99		 0 0 0 1 0 
60 10		0 1 0 0 0 
60 1		1 0 0 0 0 
61 82		 0 0 0 0 1 
61 36		 0 0 1 0 0 
61 44		 0 0 1 0 0 
61 93		 1 0 0 0 1 
61 41		 0 1 0 0 0 
61 26		 0 1 0 0 0 
61 64		 0 0 1 0 0 
61 28		 0 0 0 1 0 
61 30		 0 0 0 1 0 
61 90		 0 0 0 1 0 
61 18		0 1 0 0 0 
61 40		1 0 0 0 0 
61 19		0 0 0 0 1 
62 76		 0 0 0 0 1 
62 28		 0 0 0 0 1 
62 97		 0 1 0 0 0 
62 -9999		 
62 3		 0 0 1 0 0 
62 92		 0 0 1 0 0 
62 25		 0 0 0 1 0 
62 35		 0 0 0 1 0 
62 74		 0 0 0 1 0 
62 75		 0 0 0 1 0 
63 38		 0 0 0 0 1 
63 52		 1 0 0 0 0 
63 29		 0 0 0 1 0 
63 97		 0 0 1 0 0 
63 36		 1 0 0 0 0 
63 19		 0 1 0 0 0 
63 90		 0 1 0 0 0 
63 -9999		 
63 11		 0 0 1 0 0 
63 44		 0 0 1 0 0 
64 20		 0 0 0 0 1 
64 48		 0 0 0 0 1 
64 90		 0 1 0 0 0 
64 55		 0 1 0 0 0 
64 41		 0 0 1 0 0 
64 61		 0 0 1 0 0 
64 18		 0 0 0 1 0 
64 33		 0 0 0 1 0 
64 46		 0 0 0 1 0 
64 69		 0 0 0 1 0 
64 51		1 0 0 0 0 
65 2		 1 0 0 0 0 
65 33		 1 0 0 0 0 
65 89		 0 1 0 0 0 
65 85		 0 1 0 0 0 
65 -9999		 
65 -9999		 
65 12		 0 0 1 0 0 
65 93		 0 0 0 1 0 
65 26		 0 0 0 0 1 
65 29		 1 0 0 0 0 
66 68		 0 0 0 1 0 
66 79		 0 0 0 0 1 
66 53		 1 0 0 0 0 
66 98		 1 0 0 0 0 
66 89		 1 0 0 0 0 
66 -9999		 
66 -9999		 
66 -9999		 
66 -9999		 
66 -9999		 
67 60		 0 0 0 0 1 
67 53		 0 0 1 0 0 
67 50		 0 0 0 0 1 
67 59		 0 0 0 0 1 
67 57		 0 0 0 0 1 
67 51		 0 0 0 1 0 
67 -9999		 
67 73		 0 1 0 0 0 
67 6		 0 0 0 1 0 
67 12		 0 0 0 1 0 
68 45		 1 0 0 0 0 
68 49		 0 0 0 0 1 
68 100		 0 0 0 1 0 
68 -9999		 
68 -9999		 
68 -9999		 
68 -9999		 
68 9		 0 0 0 1 0 
68 66		 0 0 0 1 0 
68 71		 0 0 0 1 0 
69 35		 0 1 0 0 1 
69 64		 0 0 0 1 0 
69 38		 0 0 0 1 0 
69 73		 0 0 1 0 0 
69 88		 0 1 0 0 0 
69 54		 0 1 0 0 0 
69 36		 0 1 0 0 0 
69 52		 0 0 1 0 0 
69 51		 0 0 1 0 0 
69 1		 0 0 1 0 0 
70 11		 0 1 0 0 0 
70 79		 1 0 0 0 0 
70 90		 1 0 0 0 0 
70 25		 0 0 0 1 0 
70 86		 1 0 0 0 0 
70 96		 0 0 0 0 1 
70 1		 0 0 1 0 0 
70 9		 0 0 1 0 0 
70 82		 0 0 0 1 0 
70 28		 0 0 0 0 1 
70 85		0 0 0 0 1 
70 46		0 0 0 0 1 
70 40		0 0 0 0 1 
71 93		 0 0 0 0 1 
71 79		 1 0 0 0 0 
71 78		 1 0 0 0 0 
71 68		 0 0 0 1 0 
71 82		 0 1 0 0 0 
71 -9999		 
71 -9999		 
71 2		 0 0 1 0 0 
71 76		 0 0 1 0 0 
71 88		 0 0 1 0 0 
72 80		 0 0 0 0 1 
72 87		 0 0 0 0 1 
72 51		 0 0 0 0 1 
72 6		 0 0 0 0 1 
72 27		 1 0 0 0 0 
72 42		 0 0 0 1 0 
72 22		 0 0 0 1 0 
72 17		 0 0 1 0 0 
72 40		 0 0 1 0 0 
72 44		 0 1 1 0 0 
72 97		0 0 1 0 0 
73 88		 0 1 0 0 0 
73 8		 0 0 0 0 1 
73 83		 0 0 0 1 0 
73 4		 0 0 0 1 0 
73 69		 0 0 1 0 0 
73 93		 1 0 0 0 0 
73 24		 1 0 0 0 0 
73 36		 0 0 1 0 0 
73 51		 0 0 0 1 1 
73 13		 0 0 1 0 0 
73 67		0 1 0 0 0 
74 57		 0 0 0 0 1 
74 36		 0 0 0 0 1 
74 24		 0 0 0 0 1 
74 100		 0 0 0 1 0 
74 91		 1 0 0 0 0 
74 79		 0 0 0 1 0 
74 95		 0 1 0 0 0 
74 82		 0 1 0 0 0 
74 48		 0 1 0 0 0 
74 18		 0 0 1 0 1 
74 62		0 0 0 1 0 
74 13		0 0 0 1 0 
74 11		0 0 0 1 0 
74 38		0 0 1 0 0 
75 48		 0 0 0 0 1 
75 42		 0 1 0 0 0 
75 38		 0 0 1 0 0 
75 90		 0 1 0 0 0 
75 83		 0 0 1 0 0 
75 1		 0 0 0 1 0 
75 15		 0 0 0 1 0 
75 16		 0 0 0 1 0 
75 62		 0 0 0 1 0 
75 3		 0 0 0 0 1 
75 54		0 1 0 0 0 
76 62		 0 0 0 0 1 
76 58		 0 0 0 0 1 
76 50		 0 0 0 0 1 
76 19		 0 0 0 0 1 
76 12		 0 0 0 0 1 
76 11		 0 0 0 1 0 
76 82		 1 0 0 0 0 
76 43		 1 0 0 0 0 
76 71		 0 0 1 0 0 
76 87		 0 0 1 0 0 
76 30		0 1 0 0 0 
76 83		0 0 1 0 0 
77 4		 0 1 0 0 0 
77 7		 0 0 0 0 1 
77 56		 0 0 0 1 0 
77 20		 0 0 0 1 0 
77 36		 0 0 1 0 0 
77 42		 1 0 0 0 0 
77 39		 1 0 0 0 0 
77 -9999		 
77 -9999		 
77 -9999		 
78 -9999		 
78 7		 0 1 0 0 0 
78 84		 0 1 0 0 0 
78 -9999		 
78 32		 0 0 1 0 0 
78 41		 0 0 1 0 0 
78 16		 0 0 0 0 1 
78 27		 1 0 0 0 0 
78 71		 1 0 0 0 0 
78 86		 1 0 0 0 0 
79 66		 0 0 0 0 1 
79 42		 1 0 0 0 0 
79 70		 1 0 0 0 0 
79 13		 1 0 0 0 0 
79 14		 0 1 0 0 0 
79 71		 1 0 0 0 0 
79 -9999		 
79 46		 0 0 1 0 0 
79 80		 0 0 1 0 0 
79 74		 0 0 0 1 0 
80 -9999		 
80 72		 0 0 0 0 1 
80 31		 1 0 0 0 0 
80 -9999		 
80 -9999		 
80 -9999		 
80 -9999		 
80 2		 0 0 1 0 0 
80 79		 0 0 1 0 0 
80 22		 0 0 0 1 0 
81 32		 1 0 0 0 0 
81 91		 0 0 1 0 0 
81 100		 0 0 0 0 1 
81 7		 1 1 0 0 0 
81 20		 1 0 0 0 0 
81 2		 0 0 1 0 0 
81 89		 0 0 0 1 0 
81 22		 0 0 1 0 0 
81 26		 0 0 0 1 0 
81 13		 0 0 0 1 0 
82 10		 0 0 1 0 0 
82 86		 0 0 0 0 1 
82 61		 0 0 0 0 1 
82 54		 0 0 0 0 1 
82 76		 1 0 0 0 0 
82 42		 1 0 0 0 0 
82 30		 0 0 1 0 0 
82 91		 0 0 1 0 0 
82 40		 0 0 0 1 0 
82 70		 0 0 0 1 0 
82 74		0 1 0 0 0 
82 71		0 1 0 0 0 
82 33		0 1 0 0 0 
83 97		 0 0 0 1 0 
83 43		 0 0 1 0 0 
83 52		 0 0 0 0 1 
83 45		 1 0 0 0 0 
83 27		 1 0 0 0 0 
83 36		 0 1 0 0 0 
83 3		 0 0 0 0 1 
83 73		 0 0 0 1 0 
83 20		 0 0 0 1 0 
83 75		 0 0 1 0 0 
83 76		0 0 1 0 0 
84 44		 0 1 0 0 0 
84 78		 0 1 0 0 0 
84 -9999		 
84 -9999		 
84 -9999		 
84 -9999		 
84 -9999		 
84 45		 0 0 1 0 0 
84 -9999		 
84 -9999		 
85 70		 0 0 0 0 1 
85 57		 0 0 0 0 1 
85 7		 1 0 0 0 0 
85 65		 0 1 0 0 0 
85 8		 0 1 0 0 0 
85 37		 1 0 0 0 0 
85 -9999		 
85 -9999		 
85 18		 0 0 0 1 1 
85 98		 0 0 0 1 0 
86 98		 1 0 0 0 0 
86 31		 1 0 0 0 0 
86 70		 1 0 0 0 0 
86 78		 1 0 0 0 0 
86 88		 0 1 0 0 0 
86 51		 0 1 0 0 0 
86 29		 0 0 1 0 0 
86 42		 0 0 1 0 0 
86 53		 0 0 0 1 0 
86 82		 0 0 0 0 1 
87 59		 0 0 1 0 0 
87 32		 0 0 0 1 0 
87 89		 0 0 0 0 1 
87 92		 0 0 1 0 0 
87 100		 1 0 0 0 0 
87 72		 0 0 0 0 1 
87 47		 0 0 0 0 1 
87 11		 0 0 0 0 1 
87 76		 0 0 1 0 0 
87 15		 0 0 1 0 0 
87 4		0 0 1 0 0 
88 25		 0 0 1 0 0 
88 91		 0 0 0 1 0 
88 29		 0 0 1 0 1 
88 47		 0 0 1 0 0 
88 71		 0 0 1 0 0 
88 55		 0 0 0 1 0 
88 11		 1 0 0 0 0 
88 26		 1 0 0 0 0 
88 2		 0 1 0 0 0 
88 69		 0 1 0 0 0 
88 86		0 1 0 0 0 
88 73		0 1 0 0 0 
89 81		 0 0 0 1 0 
89 -9999		 
89 1		 0 0 1 0 0 
89 66		 1 0 0 0 0 
89 4		 0 1 0 0 0 
89 87		 0 0 0 0 1 
89 57		 0 1 0 0 0 
89 65		 0 1 0 0 0 
89 51		 0 0 1 0 0 
89 -9999		 
90 -9999		 
90 36		 0 0 1 0 0 
90 92		 0 0 1 0 0 
90 70		 1 0 0 0 0 
90 47		 0 1 0 0 0 
90 60		 0 1 0 0 0 
90 61		 0 0 0 1 0 
90 63		 0 1 0 0 0 
90 64		 0 1 0 0 0 
90 75		 0 1 0 0 0 
91 81		 0 0 1 0 0 
91 25		 0 0 0 0 1 
91 13		 0 0 0 0 1 
91 14		 0 0 0 0 1 
91 74		 1 0 0 0 0 
91 18		 1 0 0 0 0 
91 58		 0 0 0 1 0 
91 56		 0 0 0 1 0 
91 47		 0 0 0 1 0 
91 34		 0 0 0 1 0 
91 82		0 0 1 0 0 
91 30		0 0 1 0 0 
91 88		0 0 0 1 0 
92 57		 1 0 0 0 0 
92 44		 1 0 0 0 0 
92 5		 1 0 0 0 0 
92 60		 0 0 0 0 1 
92 3		 0 0 0 1 0 
92 39		 0 1 0 0 0 
92 62		 0 0 1 0 0 
92 87		 0 0 1 0 0 
92 90		 0 0 1 0 0 
92 95		 0 0 1 0 0 
92 97		0 1 0 0 0 
93 73		 1 0 0 0 0 
93 32		 1 0 0 0 0 
93 71		 0 0 0 0 1 
93 61		 1 0 0 0 1 
93 47		 0 0 0 0 1 
93 24		 0 0 1 0 0 
93 98		 0 0 1 0 0 
93 20		 0 0 0 1 0 
93 33		 0 0 0 1 0 
93 54		 0 0 0 1 0 
93 40		0 0 0 0 1 
93 4		0 0 0 0 1 
93 65		0 0 0 1 0 
94 41		 0 0 0 0 1 
94 49		 1 0 0 0 0 
94 43		 1 0 0 0 0 
94 1		 0 1 0 0 0 
94 32		 0 1 0 0 0 
94 11		 0 1 0 0 0 
94 36		 0 0 1 0 0 
94 45		 0 0 1 0 0 
94 21		 0 0 0 1 0 
94 38		 0 0 0 1 0 
94 4		0 1 0 0 0 
95 51		 0 0 1 0 0 
95 13		 0 0 0 1 0 
95 4		 0 0 0 0 1 
95 49		 1 0 0 0 0 
95 14		 0 1 0 0 0 
95 33		 0 1 0 0 0 
95 55		 0 1 1 0 0 
95 92		 0 0 1 0 0 
95 56		 0 1 0 0 0 
95 74		 0 1 0 0 0 
96 70		 0 0 0 0 1 
96 -9999		 
96 39		 0 0 0 0 1 
96 23		 1 0 0 0 0 
96 16		 0 1 0 0 0 
96 98		 0 1 0 0 0 
96 -9999		 
96 -9999		 
96 15		 0 0 1 0 0 
96 27		 0 1 0 0 1 
97 92		 0 1 0 0 0 
97 13		 0 1 0 0 0 
97 72		 0 0 1 0 0 
97 83		 0 0 0 1 0 
97 48		 0 0 0 1 0 
97 63		 0 0 1 0 0 
97 54		 0 1 0 0 0 
97 62		 0 1 0 0 0 
97 -9999		 
97 -9999		 
98 39		 0 1 0 0 1 
98 24		 0 0 0 0 1 
98 85		 0 0 0 1 0 
98 86		 1 0 0 0 0 
98 96		 0 1 0 0 0 
98 1		 0 0 1 0 0 
98 53		 1 0 1 0 0 
98 93		 0 0 1 0 0 
98 7		 1 0 0 1 0 
98 40		 0 0 0 1 0 
98 15		0 1 0 0 0 
98 66		1 0 0 0 0 
98 32		1 0 0 0 0 
99 41		 1 0 0 0 0 
99 22		 0 0 0 0 1 
99 45		 0 1 0 0 0 
99 53		 0 0 0 0 1 
99 -9999		 
99 -9999		 
99 -9999		 
99 44		 0 0 1 0 0 
99 -9999		 
99 60		 0 0 0 1 0 
100 68		 0 0 0 1 0 
100 55		 0 1 0 0 0 
100 87		 1 0 0 0 0 
100 74		 0 0 0 1 0 
100 46		 0 0 1 1 0 
100 5		 0 0 0 0 1 
100 58		 0 0 1 0 0 
100 57		 0 0 0 0 1 
100 81		 0 0 0 0 1 
100 13		 1 0 0 0 0 
100 51		1 0 0 0 0 
100 44		1 0 0 0 0 
100 20		1 0 0 0 0 
