1 59		 0 0 0 0 1 
1 -9999		 
1 -9999		 
1 -9999		 
1 -9999		 
1 -9999		 
1 -9999		 
1 -9999		 
1 -9999		 
1 -9999		 
2 79		 0 0 0 0 1 
2 -9999		 
2 -9999		 
2 -9999		 
2 -9999		 
2 -9999		 
2 -9999		 
2 -9999		 
2 -9999		 
2 -9999		 
3 37		 0 1 0 0 0 
3 -9999		 
3 -9999		 
3 -9999		 
3 -9999		 
3 -9999		 
3 -9999		 
3 -9999		 
3 -9999		 
3 -9999		 
4 37		 0 1 0 0 0 
4 -9999		 
4 -9999		 
4 -9999		 
4 -9999		 
4 -9999		 
4 -9999		 
4 -9999		 
4 -9999		 
4 -9999		 
5 -9999		 
5 -9999		 
5 -9999		 
5 -9999		 
5 -9999		 
5 -9999		 
5 -9999		 
5 -9999		 
5 -9999		 
5 -9999		 
6 -9999		 
6 -9999		 
6 -9999		 
6 -9999		 
6 -9999		 
6 -9999		 
6 -9999		 
6 -9999		 
6 -9999		 
6 -9999		 
7 -9999		 
7 -9999		 
7 -9999		 
7 -9999		 
7 -9999		 
7 -9999		 
7 -9999		 
7 -9999		 
7 -9999		 
7 -9999		 
8 -9999		 
8 -9999		 
8 -9999		 
8 27		 1 0 0 0 0 
8 -9999		 
8 -9999		 
8 -9999		 
8 -9999		 
8 -9999		 
8 -9999		 
9 59		 1 0 0 0 0 
9 79		 0 0 1 0 0 
9 -9999		 
9 -9999		 
9 -9999		 
9 -9999		 
9 -9999		 
9 -9999		 
9 -9999		 
9 -9999		 
10 -9999		 
10 -9999		 
10 -9999		 
10 76		 0 0 0 1 0 
10 -9999		 
10 -9999		 
10 -9999		 
10 -9999		 
10 -9999		 
10 -9999		 
11 -9999		 
11 -9999		 
11 -9999		 
11 -9999		 
11 -9999		 
11 -9999		 
11 -9999		 
11 -9999		 
11 -9999		 
11 -9999		 
12 79		 0 0 0 1 0 
12 76		 0 0 0 0 1 
12 -9999		 
12 -9999		 
12 -9999		 
12 -9999		 
12 -9999		 
12 -9999		 
12 -9999		 
12 -9999		 
13 -9999		 
13 -9999		 
13 -9999		 
13 -9999		 
13 -9999		 
13 -9999		 
13 -9999		 
13 -9999		 
13 -9999		 
13 -9999		 
14 27		 0 0 1 0 0 
14 79		 1 0 0 0 0 
14 -9999		 
14 -9999		 
14 -9999		 
14 -9999		 
14 -9999		 
14 -9999		 
14 -9999		 
14 -9999		 
15 -9999		 
15 -9999		 
15 -9999		 
15 -9999		 
15 -9999		 
15 -9999		 
15 -9999		 
15 -9999		 
15 -9999		 
15 -9999		 
16 79		 0 0 0 0 1 
16 -9999		 
16 -9999		 
16 -9999		 
16 -9999		 
16 -9999		 
16 -9999		 
16 -9999		 
16 -9999		 
16 -9999		 
17 -9999		 
17 -9999		 
17 -9999		 
17 -9999		 
17 -9999		 
17 -9999		 
17 -9999		 
17 -9999		 
17 -9999		 
17 -9999		 
18 37		 0 1 0 0 0 
18 -9999		 
18 -9999		 
18 -9999		 
18 -9999		 
18 -9999		 
18 -9999		 
18 -9999		 
18 -9999		 
18 76		 1 0 0 0 0 
19 37		 0 0 0 0 1 
19 -9999		 
19 59		 1 0 0 0 0 
19 -9999		 
19 -9999		 
19 -9999		 
19 -9999		 
19 -9999		 
19 -9999		 
19 -9999		 
20 100		 0 0 0 0 1 
20 -9999		 
20 -9999		 
20 -9999		 
20 -9999		 
20 -9999		 
20 -9999		 
20 -9999		 
20 -9999		 
20 -9999		 
21 37		 0 0 0 0 1 
21 -9999		 
21 -9999		 
21 -9999		 
21 -9999		 
21 -9999		 
21 -9999		 
21 -9999		 
21 -9999		 
21 -9999		 
22 -9999		 
22 -9999		 
22 -9999		 
22 -9999		 
22 -9999		 
22 -9999		 
22 -9999		 
22 -9999		 
22 -9999		 
22 -9999		 
23 59		 0 1 0 0 0 
23 -9999		 
23 37		 0 0 0 1 0 
23 -9999		 
23 -9999		 
23 -9999		 
23 -9999		 
23 -9999		 
23 -9999		 
23 -9999		 
24 59		 0 0 0 1 0 
24 -9999		 
24 -9999		 
24 -9999		 
24 -9999		 
24 -9999		 
24 -9999		 
24 -9999		 
24 -9999		 
24 -9999		 
25 -9999		 
25 -9999		 
25 -9999		 
25 -9999		 
25 -9999		 
25 -9999		 
25 -9999		 
25 -9999		 
25 -9999		 
25 -9999		 
26 -9999		 
26 -9999		 
26 -9999		 
26 -9999		 
26 -9999		 
26 -9999		 
26 -9999		 
26 -9999		 
26 -9999		 
26 -9999		 
27 85		 0 0 0 0 1 
27 90		 0 0 0 1 0 
27 8		 1 0 0 0 0 
27 14		 0 0 1 0 0 
27 57		 0 0 1 0 0 
27 97		 1 0 0 0 0 
27 87		 0 0 1 0 0 
27 84		 0 0 0 1 0 
27 29		 0 0 0 1 0 
27 51		 0 0 0 1 0 
28 -9999		 
28 37		 0 0 1 0 0 
28 -9999		 
28 -9999		 
28 -9999		 
28 -9999		 
28 -9999		 
28 -9999		 
28 -9999		 
28 -9999		 
29 42		 1 0 0 0 0 
29 27		 0 0 0 1 0 
29 59		 0 0 0 1 0 
29 -9999		 
29 -9999		 
29 -9999		 
29 -9999		 
29 -9999		 
29 -9999		 
29 -9999		 
30 63		 0 0 1 0 0 
30 100		 0 0 0 0 1 
30 -9999		 
30 -9999		 
30 -9999		 
30 -9999		 
30 -9999		 
30 -9999		 
30 -9999		 
30 -9999		 
31 -9999		 
31 -9999		 
31 -9999		 
31 -9999		 
31 -9999		 
31 -9999		 
31 -9999		 
31 -9999		 
31 -9999		 
31 -9999		 
32 100		 0 0 1 0 0 
32 -9999		 
32 -9999		 
32 -9999		 
32 -9999		 
32 -9999		 
32 -9999		 
32 -9999		 
32 -9999		 
32 -9999		 
33 -9999		 
33 -9999		 
33 79		 1 0 0 0 0 
33 -9999		 
33 -9999		 
33 -9999		 
33 -9999		 
33 -9999		 
33 -9999		 
33 -9999		 
34 -9999		 
34 37		 1 0 0 0 0 
34 -9999		 
34 -9999		 
34 -9999		 
34 -9999		 
34 -9999		 
34 -9999		 
34 -9999		 
34 -9999		 
35 -9999		 
35 -9999		 
35 -9999		 
35 -9999		 
35 -9999		 
35 -9999		 
35 -9999		 
35 -9999		 
35 -9999		 
35 -9999		 
36 -9999		 
36 -9999		 
36 -9999		 
36 -9999		 
36 -9999		 
36 -9999		 
36 -9999		 
36 -9999		 
36 -9999		 
36 -9999		 
37 86		 0 1 0 0 0 
37 3		 0 1 0 0 0 
37 34		 1 0 0 0 0 
37 76		 0 1 0 0 0 
37 4		 0 1 0 0 0 
37 66		 1 0 0 0 0 
37 18		 0 1 0 0 0 
37 28		 0 0 1 0 0 
37 61		 1 0 0 0 0 
37 23		 0 0 0 1 0 
37 21		0 0 0 0 1 
37 19		0 0 0 0 1 
37 73		0 0 1 0 0 
38 63		 0 0 0 0 1 
38 -9999		 
38 -9999		 
38 -9999		 
38 -9999		 
38 -9999		 
38 -9999		 
38 -9999		 
38 -9999		 
38 -9999		 
39 -9999		 
39 -9999		 
39 -9999		 
39 -9999		 
39 -9999		 
39 -9999		 
39 -9999		 
39 -9999		 
39 -9999		 
39 -9999		 
40 63		 0 0 0 0 1 
40 -9999		 
40 -9999		 
40 -9999		 
40 -9999		 
40 -9999		 
40 -9999		 
40 -9999		 
40 -9999		 
40 -9999		 
41 -9999		 
41 -9999		 
41 -9999		 
41 -9999		 
41 -9999		 
41 -9999		 
41 -9999		 
41 -9999		 
41 -9999		 
41 -9999		 
42 -9999		 
42 29		 1 0 0 0 0 
42 58		 1 0 0 0 0 
42 51		 0 0 1 0 0 
42 70		 0 0 0 1 0 
42 -9999		 
42 -9999		 
42 -9999		 
42 -9999		 
42 -9999		 
43 79		 0 0 1 0 0 
43 -9999		 
43 -9999		 
43 -9999		 
43 -9999		 
43 -9999		 
43 -9999		 
43 -9999		 
43 -9999		 
43 -9999		 
44 -9999		 
44 -9999		 
44 -9999		 
44 -9999		 
44 -9999		 
44 -9999		 
44 -9999		 
44 -9999		 
44 -9999		 
44 -9999		 
45 -9999		 
45 -9999		 
45 -9999		 
45 -9999		 
45 -9999		 
45 -9999		 
45 -9999		 
45 -9999		 
45 -9999		 
45 -9999		 
46 -9999		 
46 -9999		 
46 -9999		 
46 -9999		 
46 -9999		 
46 -9999		 
46 -9999		 
46 -9999		 
46 -9999		 
46 -9999		 
47 -9999		 
47 -9999		 
47 -9999		 
47 -9999		 
47 -9999		 
47 -9999		 
47 -9999		 
47 -9999		 
47 -9999		 
47 -9999		 
48 -9999		 
48 -9999		 
48 -9999		 
48 -9999		 
48 -9999		 
48 -9999		 
48 -9999		 
48 -9999		 
48 -9999		 
48 -9999		 
49 -9999		 
49 -9999		 
49 -9999		 
49 -9999		 
49 -9999		 
49 -9999		 
49 -9999		 
49 -9999		 
49 -9999		 
49 -9999		 
50 -9999		 
50 59		 0 0 1 0 0 
50 -9999		 
50 -9999		 
50 -9999		 
50 -9999		 
50 -9999		 
50 -9999		 
50 -9999		 
50 -9999		 
51 42		 0 0 1 0 0 
51 27		 0 0 0 1 0 
51 -9999		 
51 -9999		 
51 -9999		 
51 -9999		 
51 -9999		 
51 -9999		 
51 -9999		 
51 -9999		 
52 -9999		 
52 -9999		 
52 -9999		 
52 -9999		 
52 -9999		 
52 -9999		 
52 -9999		 
52 -9999		 
52 -9999		 
52 -9999		 
53 63		 0 0 0 0 1 
53 -9999		 
53 -9999		 
53 -9999		 
53 -9999		 
53 -9999		 
53 -9999		 
53 -9999		 
53 -9999		 
53 -9999		 
54 -9999		 
54 -9999		 
54 -9999		 
54 -9999		 
54 -9999		 
54 -9999		 
54 -9999		 
54 -9999		 
54 -9999		 
54 -9999		 
55 100		 0 1 0 0 0 
55 -9999		 
55 -9999		 
55 -9999		 
55 -9999		 
55 -9999		 
55 -9999		 
55 -9999		 
55 -9999		 
55 -9999		 
56 100		 0 0 0 0 1 
56 -9999		 
56 -9999		 
56 -9999		 
56 -9999		 
56 -9999		 
56 -9999		 
56 -9999		 
56 -9999		 
56 -9999		 
57 27		 0 0 1 0 0 
57 -9999		 
57 -9999		 
57 -9999		 
57 -9999		 
57 -9999		 
57 -9999		 
57 -9999		 
57 -9999		 
57 -9999		 
58 42		 1 0 0 0 0 
58 -9999		 
58 -9999		 
58 -9999		 
58 -9999		 
58 -9999		 
58 -9999		 
58 -9999		 
58 -9999		 
58 -9999		 
59 9		 1 0 0 0 0 
59 85		 0 0 0 0 1 
59 100		 0 0 0 0 1 
59 19		 1 0 0 0 0 
59 97		 0 1 0 0 0 
59 1		 0 0 0 0 1 
59 23		 0 1 0 0 0 
59 63		 0 0 0 1 0 
59 50		 0 0 1 0 0 
59 88		 1 0 0 0 0 
59 29		0 0 0 1 0 
59 24		0 0 0 1 0 
60 100		 0 0 0 1 0 
60 -9999		 
60 -9999		 
60 -9999		 
60 -9999		 
60 -9999		 
60 -9999		 
60 -9999		 
60 -9999		 
60 -9999		 
61 37		 1 0 0 0 0 
61 -9999		 
61 -9999		 
61 -9999		 
61 -9999		 
61 -9999		 
61 -9999		 
61 -9999		 
61 -9999		 
61 -9999		 
62 79		 0 1 0 0 0 
62 -9999		 
62 -9999		 
62 -9999		 
62 -9999		 
62 -9999		 
62 -9999		 
62 -9999		 
62 -9999		 
62 -9999		 
63 59		 0 0 0 1 0 
63 70		 1 0 0 0 0 
63 72		 0 0 0 0 1 
63 91		 1 0 0 0 0 
63 38		 0 0 0 0 1 
63 30		 0 0 1 0 0 
63 40		 0 0 0 0 1 
63 -9999		 
63 53		 0 0 0 0 1 
63 -9999		 
64 -9999		 
64 -9999		 
64 -9999		 
64 -9999		 
64 -9999		 
64 -9999		 
64 -9999		 
64 -9999		 
64 -9999		 
64 -9999		 
65 -9999		 
65 -9999		 
65 -9999		 
65 -9999		 
65 -9999		 
65 -9999		 
65 -9999		 
65 -9999		 
65 -9999		 
65 -9999		 
66 37		 1 0 0 0 0 
66 -9999		 
66 -9999		 
66 -9999		 
66 -9999		 
66 -9999		 
66 -9999		 
66 -9999		 
66 -9999		 
66 -9999		 
67 -9999		 
67 -9999		 
67 -9999		 
67 -9999		 
67 -9999		 
67 -9999		 
67 -9999		 
67 -9999		 
67 -9999		 
67 -9999		 
68 -9999		 
68 -9999		 
68 -9999		 
68 -9999		 
68 -9999		 
68 -9999		 
68 -9999		 
68 -9999		 
68 -9999		 
68 -9999		 
69 -9999		 
69 -9999		 
69 -9999		 
69 -9999		 
69 -9999		 
69 -9999		 
69 -9999		 
69 -9999		 
69 -9999		 
69 -9999		 
70 63		 1 0 0 0 0 
70 42		 0 0 0 1 0 
70 -9999		 
70 -9999		 
70 -9999		 
70 -9999		 
70 -9999		 
70 -9999		 
70 -9999		 
70 -9999		 
71 -9999		 
71 -9999		 
71 -9999		 
71 -9999		 
71 -9999		 
71 -9999		 
71 -9999		 
71 -9999		 
71 -9999		 
71 -9999		 
72 63		 0 0 0 0 1 
72 -9999		 
72 -9999		 
72 -9999		 
72 -9999		 
72 -9999		 
72 -9999		 
72 -9999		 
72 -9999		 
72 -9999		 
73 37		 0 0 1 0 0 
73 -9999		 
73 100		 0 0 0 1 0 
73 -9999		 
73 -9999		 
73 -9999		 
73 -9999		 
73 -9999		 
73 -9999		 
73 -9999		 
74 -9999		 
74 -9999		 
74 -9999		 
74 -9999		 
74 -9999		 
74 -9999		 
74 -9999		 
74 -9999		 
74 -9999		 
74 -9999		 
75 -9999		 
75 -9999		 
75 -9999		 
75 -9999		 
75 -9999		 
75 -9999		 
75 -9999		 
75 -9999		 
75 -9999		 
75 -9999		 
76 12		 0 0 0 0 1 
76 -9999		 
76 10		 0 0 0 1 0 
76 37		 0 1 0 0 0 
76 18		 1 0 0 0 0 
76 -9999		 
76 -9999		 
76 -9999		 
76 -9999		 
76 -9999		 
77 79		 0 0 0 0 1 
77 -9999		 
77 -9999		 
77 -9999		 
77 -9999		 
77 -9999		 
77 -9999		 
77 -9999		 
77 -9999		 
77 -9999		 
78 -9999		 
78 -9999		 
78 -9999		 
78 -9999		 
78 -9999		 
78 -9999		 
78 -9999		 
78 -9999		 
78 -9999		 
78 -9999		 
79 89		 1 0 0 0 0 
79 82		 0 0 1 0 0 
79 12		 0 0 0 1 0 
79 43		 0 0 1 0 0 
79 77		 0 0 0 0 1 
79 16		 0 0 0 0 1 
79 2		 0 0 0 0 1 
79 14		 1 0 0 0 0 
79 33		 1 0 0 0 0 
79 62		 0 1 0 0 0 
79 9		0 0 1 0 0 
79 93		0 1 0 0 0 
80 -9999		 
80 -9999		 
80 -9999		 
80 -9999		 
80 -9999		 
80 -9999		 
80 -9999		 
80 -9999		 
80 -9999		 
80 -9999		 
81 -9999		 
81 -9999		 
81 -9999		 
81 -9999		 
81 -9999		 
81 -9999		 
81 -9999		 
81 -9999		 
81 -9999		 
81 -9999		 
82 79		 0 0 1 0 0 
82 100		 0 0 1 0 0 
82 -9999		 
82 -9999		 
82 -9999		 
82 -9999		 
82 -9999		 
82 -9999		 
82 -9999		 
82 -9999		 
83 -9999		 
83 -9999		 
83 -9999		 
83 -9999		 
83 -9999		 
83 -9999		 
83 -9999		 
83 -9999		 
83 -9999		 
83 -9999		 
84 27		 0 0 0 1 0 
84 -9999		 
84 -9999		 
84 -9999		 
84 -9999		 
84 -9999		 
84 -9999		 
84 -9999		 
84 -9999		 
84 -9999		 
85 27		 0 0 0 0 1 
85 59		 0 0 0 0 1 
85 -9999		 
85 -9999		 
85 -9999		 
85 -9999		 
85 -9999		 
85 -9999		 
85 -9999		 
85 -9999		 
86 37		 0 1 0 0 0 
86 -9999		 
86 -9999		 
86 -9999		 
86 -9999		 
86 -9999		 
86 -9999		 
86 -9999		 
86 -9999		 
86 -9999		 
87 27		 0 0 1 0 0 
87 -9999		 
87 -9999		 
87 -9999		 
87 -9999		 
87 -9999		 
87 -9999		 
87 -9999		 
87 -9999		 
87 -9999		 
88 -9999		 
88 -9999		 
88 -9999		 
88 -9999		 
88 59		 1 0 0 0 0 
88 -9999		 
88 -9999		 
88 -9999		 
88 -9999		 
88 -9999		 
89 -9999		 
89 -9999		 
89 -9999		 
89 -9999		 
89 -9999		 
89 79		 1 0 0 0 0 
89 -9999		 
89 -9999		 
89 -9999		 
89 -9999		 
90 100		 0 1 0 0 0 
90 27		 0 0 0 1 0 
90 -9999		 
90 -9999		 
90 -9999		 
90 -9999		 
90 -9999		 
90 -9999		 
90 -9999		 
90 -9999		 
91 63		 1 0 0 0 0 
91 100		 0 0 0 0 1 
91 -9999		 
91 -9999		 
91 -9999		 
91 -9999		 
91 -9999		 
91 -9999		 
91 -9999		 
91 -9999		 
92 -9999		 
92 -9999		 
92 -9999		 
92 -9999		 
92 -9999		 
92 -9999		 
92 -9999		 
92 -9999		 
92 -9999		 
92 -9999		 
93 79		 0 1 0 0 0 
93 -9999		 
93 -9999		 
93 -9999		 
93 -9999		 
93 -9999		 
93 -9999		 
93 -9999		 
93 -9999		 
93 -9999		 
94 -9999		 
94 -9999		 
94 -9999		 
94 -9999		 
94 -9999		 
94 -9999		 
94 -9999		 
94 -9999		 
94 -9999		 
94 -9999		 
95 -9999		 
95 -9999		 
95 -9999		 
95 -9999		 
95 -9999		 
95 -9999		 
95 -9999		 
95 -9999		 
95 -9999		 
95 -9999		 
96 -9999		 
96 -9999		 
96 -9999		 
96 -9999		 
96 -9999		 
96 -9999		 
96 -9999		 
96 -9999		 
96 -9999		 
96 -9999		 
97 -9999		 
97 -9999		 
97 27		 1 0 0 0 0 
97 59		 0 1 0 0 0 
97 -9999		 
97 -9999		 
97 -9999		 
97 -9999		 
97 -9999		 
97 -9999		 
98 -9999		 
98 -9999		 
98 -9999		 
98 -9999		 
98 -9999		 
98 -9999		 
98 -9999		 
98 -9999		 
98 -9999		 
98 -9999		 
99 -9999		 
99 -9999		 
99 -9999		 
99 -9999		 
99 -9999		 
99 -9999		 
99 -9999		 
99 -9999		 
99 -9999		 
99 -9999		 
100 91		 0 0 0 0 1 
100 20		 0 0 0 0 1 
100 32		 0 0 1 0 0 
100 55		 0 1 0 0 0 
100 30		 0 0 0 0 1 
100 90		 0 1 0 0 0 
100 82		 0 0 1 0 0 
100 60		 0 0 0 1 0 
100 73		 0 0 0 1 0 
100 56		 0 0 0 0 1 
100 59		0 0 0 0 1 
