1 59		 0 0 0 0 1 
1 27		 1 0 0 0 0 
1 -9999		 
1 -9999		 
1 -9999		 
1 -9999		 
1 -9999		 
1 -9999		 
1 -9999		 
1 -9999		 
2 79		 0 0 0 0 1 
2 -9999		 
2 -9999		 
2 -9999		 
2 -9999		 
2 -9999		 
2 -9999		 
2 -9999		 
2 -9999		 
2 -9999		 
3 -9999		 
3 -9999		 
3 -9999		 
3 -9999		 
3 -9999		 
3 -9999		 
3 -9999		 
3 -9999		 
3 -9999		 
3 -9999		 
4 -9999		 
4 -9999		 
4 -9999		 
4 -9999		 
4 -9999		 
4 -9999		 
4 -9999		 
4 -9999		 
4 -9999		 
4 -9999		 
5 42		 0 0 1 0 0 
5 -9999		 
5 -9999		 
5 -9999		 
5 -9999		 
5 -9999		 
5 -9999		 
5 -9999		 
5 -9999		 
5 -9999		 
6 -9999		 
6 -9999		 
6 -9999		 
6 -9999		 
6 -9999		 
6 -9999		 
6 -9999		 
6 -9999		 
6 -9999		 
6 -9999		 
7 27		 0 1 1 0 0 
7 -9999		 
7 -9999		 
7 -9999		 
7 -9999		 
7 -9999		 
7 -9999		 
7 -9999		 
7 -9999		 
7 -9999		 
8 27		 0 0 1 0 0 
8 -9999		 
8 -9999		 
8 -9999		 
8 -9999		 
8 -9999		 
8 -9999		 
8 -9999		 
8 -9999		 
8 -9999		 
9 -9999		 
9 -9999		 
9 -9999		 
9 -9999		 
9 -9999		 
9 -9999		 
9 -9999		 
9 -9999		 
9 -9999		 
9 -9999		 
10 -9999		 
10 -9999		 
10 -9999		 
10 76		 0 0 0 1 0 
10 -9999		 
10 -9999		 
10 -9999		 
10 -9999		 
10 -9999		 
10 -9999		 
11 -9999		 
11 -9999		 
11 -9999		 
11 -9999		 
11 -9999		 
11 -9999		 
11 -9999		 
11 -9999		 
11 -9999		 
11 -9999		 
12 79		 0 0 0 1 0 
12 76		 0 0 0 0 1 
12 -9999		 
12 -9999		 
12 -9999		 
12 -9999		 
12 -9999		 
12 -9999		 
12 -9999		 
12 -9999		 
13 27		 0 0 1 0 0 
13 -9999		 
13 -9999		 
13 -9999		 
13 -9999		 
13 -9999		 
13 -9999		 
13 -9999		 
13 -9999		 
13 -9999		 
14 27		 0 0 1 0 0 
14 63		 0 0 1 0 0 
14 -9999		 
14 -9999		 
14 -9999		 
14 -9999		 
14 -9999		 
14 -9999		 
14 -9999		 
14 -9999		 
15 -9999		 
15 -9999		 
15 -9999		 
15 -9999		 
15 -9999		 
15 -9999		 
15 -9999		 
15 -9999		 
15 -9999		 
15 -9999		 
16 79		 0 0 0 0 1 
16 63		 1 0 0 0 0 
16 -9999		 
16 -9999		 
16 -9999		 
16 -9999		 
16 -9999		 
16 -9999		 
16 -9999		 
16 -9999		 
17 37		 0 1 0 0 0 
17 -9999		 
17 -9999		 
17 -9999		 
17 -9999		 
17 -9999		 
17 -9999		 
17 -9999		 
17 -9999		 
17 -9999		 
18 -9999		 
18 -9999		 
18 -9999		 
18 -9999		 
18 -9999		 
18 -9999		 
18 -9999		 
18 -9999		 
18 -9999		 
18 -9999		 
19 37		 0 0 1 0 1 
19 -9999		 
19 -9999		 
19 -9999		 
19 -9999		 
19 -9999		 
19 -9999		 
19 -9999		 
19 -9999		 
19 -9999		 
20 100		 1 0 0 0 1 
20 79		 0 1 0 0 0 
20 -9999		 
20 -9999		 
20 -9999		 
20 -9999		 
20 -9999		 
20 -9999		 
20 -9999		 
20 -9999		 
21 37		 0 1 0 0 1 
21 -9999		 
21 -9999		 
21 -9999		 
21 -9999		 
21 -9999		 
21 -9999		 
21 -9999		 
21 -9999		 
21 -9999		 
22 27		 1 0 0 0 0 
22 -9999		 
22 -9999		 
22 -9999		 
22 -9999		 
22 -9999		 
22 -9999		 
22 -9999		 
22 -9999		 
22 -9999		 
23 -9999		 
23 63		 1 0 0 0 0 
23 37		 0 0 0 1 0 
23 -9999		 
23 -9999		 
23 -9999		 
23 -9999		 
23 -9999		 
23 -9999		 
23 -9999		 
24 59		 0 0 0 1 0 
24 -9999		 
24 -9999		 
24 -9999		 
24 -9999		 
24 -9999		 
24 -9999		 
24 -9999		 
24 -9999		 
24 -9999		 
25 100		 0 0 1 0 0 
25 37		 0 0 1 0 0 
25 -9999		 
25 -9999		 
25 -9999		 
25 -9999		 
25 -9999		 
25 -9999		 
25 -9999		 
25 -9999		 
26 -9999		 
26 -9999		 
26 -9999		 
26 -9999		 
26 -9999		 
26 -9999		 
26 -9999		 
26 -9999		 
26 -9999		 
26 -9999		 
27 85		 0 0 0 0 1 
27 90		 0 0 0 1 0 
27 22		 1 0 0 0 0 
27 14		 0 0 1 0 0 
27 37		 0 0 1 0 0 
27 97		 1 0 0 0 0 
27 13		 0 0 1 0 0 
27 84		 0 0 0 1 0 
27 29		 0 0 0 1 0 
27 51		 0 1 0 1 0 
27 8		0 0 1 0 0 
27 44		0 1 0 0 0 
27 47		0 1 0 0 0 
27 7		0 1 1 0 0 
27 1		1 0 0 0 0 
28 -9999		 
28 -9999		 
28 -9999		 
28 -9999		 
28 -9999		 
28 -9999		 
28 -9999		 
28 -9999		 
28 -9999		 
28 -9999		 
29 -9999		 
29 27		 0 0 0 1 0 
29 59		 0 0 0 1 0 
29 -9999		 
29 -9999		 
29 -9999		 
29 -9999		 
29 -9999		 
29 -9999		 
29 -9999		 
30 -9999		 
30 100		 0 0 0 0 1 
30 -9999		 
30 -9999		 
30 -9999		 
30 -9999		 
30 -9999		 
30 -9999		 
30 -9999		 
30 -9999		 
31 -9999		 
31 -9999		 
31 -9999		 
31 -9999		 
31 -9999		 
31 -9999		 
31 -9999		 
31 -9999		 
31 -9999		 
31 -9999		 
32 -9999		 
32 -9999		 
32 -9999		 
32 -9999		 
32 -9999		 
32 -9999		 
32 -9999		 
32 -9999		 
32 -9999		 
32 -9999		 
33 -9999		 
33 -9999		 
33 -9999		 
33 -9999		 
33 -9999		 
33 -9999		 
33 -9999		 
33 -9999		 
33 -9999		 
33 -9999		 
34 100		 0 0 1 0 0 
34 -9999		 
34 -9999		 
34 -9999		 
34 -9999		 
34 -9999		 
34 -9999		 
34 -9999		 
34 -9999		 
34 -9999		 
35 79		 1 0 0 0 0 
35 -9999		 
35 -9999		 
35 -9999		 
35 -9999		 
35 -9999		 
35 -9999		 
35 -9999		 
35 -9999		 
35 -9999		 
36 79		 0 1 0 0 0 
36 100		 0 0 1 0 0 
36 -9999		 
36 -9999		 
36 -9999		 
36 -9999		 
36 -9999		 
36 -9999		 
36 -9999		 
36 -9999		 
37 81		 0 1 0 0 0 
37 17		 0 1 0 0 0 
37 88		 1 0 0 0 0 
37 51		 0 0 1 0 0 
37 25		 0 0 1 0 0 
37 21		 0 1 0 0 1 
37 27		 0 0 1 0 0 
37 77		 0 0 1 0 0 
37 19		 0 0 1 0 1 
37 23		 0 0 0 1 0 
37 38		0 0 1 0 0 
38 63		 0 0 0 0 1 
38 37		 0 0 1 0 0 
38 -9999		 
38 -9999		 
38 -9999		 
38 -9999		 
38 -9999		 
38 -9999		 
38 -9999		 
38 -9999		 
39 -9999		 
39 -9999		 
39 -9999		 
39 -9999		 
39 -9999		 
39 -9999		 
39 -9999		 
39 -9999		 
39 -9999		 
39 -9999		 
40 63		 0 0 0 0 1 
40 -9999		 
40 -9999		 
40 -9999		 
40 -9999		 
40 -9999		 
40 -9999		 
40 -9999		 
40 -9999		 
40 -9999		 
41 63		 0 1 0 0 0 
41 -9999		 
41 -9999		 
41 -9999		 
41 -9999		 
41 -9999		 
41 -9999		 
41 -9999		 
41 -9999		 
41 -9999		 
42 95		 0 1 0 0 0 
42 94		 0 1 0 0 0 
42 5		 0 0 1 0 0 
42 -9999		 
42 70		 0 0 0 1 0 
42 60		 0 0 1 0 0 
42 -9999		 
42 -9999		 
42 -9999		 
42 -9999		 
43 -9999		 
43 100		 0 1 0 0 0 
43 -9999		 
43 -9999		 
43 -9999		 
43 -9999		 
43 -9999		 
43 -9999		 
43 -9999		 
43 -9999		 
44 27		 0 1 0 0 0 
44 -9999		 
44 -9999		 
44 -9999		 
44 -9999		 
44 -9999		 
44 -9999		 
44 -9999		 
44 -9999		 
44 -9999		 
45 -9999		 
45 -9999		 
45 -9999		 
45 -9999		 
45 -9999		 
45 -9999		 
45 -9999		 
45 -9999		 
45 -9999		 
45 -9999		 
46 -9999		 
46 -9999		 
46 -9999		 
46 -9999		 
46 -9999		 
46 -9999		 
46 -9999		 
46 -9999		 
46 -9999		 
46 -9999		 
47 27		 0 1 0 0 0 
47 -9999		 
47 -9999		 
47 -9999		 
47 -9999		 
47 -9999		 
47 -9999		 
47 -9999		 
47 -9999		 
47 -9999		 
48 -9999		 
48 -9999		 
48 -9999		 
48 -9999		 
48 -9999		 
48 -9999		 
48 -9999		 
48 -9999		 
48 -9999		 
48 -9999		 
49 -9999		 
49 -9999		 
49 -9999		 
49 -9999		 
49 -9999		 
49 -9999		 
49 -9999		 
49 -9999		 
49 -9999		 
49 -9999		 
50 79		 1 0 0 0 0 
50 -9999		 
50 -9999		 
50 -9999		 
50 -9999		 
50 -9999		 
50 -9999		 
50 -9999		 
50 -9999		 
50 -9999		 
51 -9999		 
51 27		 0 1 0 1 0 
51 37		 0 0 1 0 0 
51 -9999		 
51 -9999		 
51 -9999		 
51 -9999		 
51 -9999		 
51 -9999		 
51 -9999		 
52 -9999		 
52 -9999		 
52 -9999		 
52 -9999		 
52 -9999		 
52 -9999		 
52 -9999		 
52 -9999		 
52 -9999		 
52 -9999		 
53 63		 0 1 0 0 1 
53 -9999		 
53 -9999		 
53 -9999		 
53 -9999		 
53 -9999		 
53 -9999		 
53 -9999		 
53 -9999		 
53 -9999		 
54 -9999		 
54 -9999		 
54 -9999		 
54 -9999		 
54 -9999		 
54 -9999		 
54 -9999		 
54 -9999		 
54 -9999		 
54 -9999		 
55 -9999		 
55 59		 1 0 0 0 0 
55 -9999		 
55 -9999		 
55 -9999		 
55 -9999		 
55 -9999		 
55 -9999		 
55 -9999		 
55 -9999		 
56 100		 0 0 0 0 1 
56 59		 0 1 0 0 0 
56 -9999		 
56 -9999		 
56 -9999		 
56 -9999		 
56 -9999		 
56 -9999		 
56 -9999		 
56 -9999		 
57 -9999		 
57 -9999		 
57 -9999		 
57 -9999		 
57 -9999		 
57 -9999		 
57 -9999		 
57 -9999		 
57 -9999		 
57 -9999		 
58 59		 0 1 0 0 0 
58 76		 1 0 0 0 0 
58 -9999		 
58 -9999		 
58 -9999		 
58 -9999		 
58 -9999		 
58 -9999		 
58 -9999		 
58 -9999		 
59 82		 1 0 0 0 0 
59 85		 0 0 0 0 1 
59 100		 0 0 0 0 1 
59 55		 1 0 0 0 0 
59 86		 0 1 0 0 0 
59 1		 0 0 0 0 1 
59 58		 0 1 0 0 0 
59 63		 0 1 0 1 0 
59 56		 0 1 0 0 0 
59 29		 0 0 0 1 0 
59 24		0 0 0 1 0 
60 100		 0 0 0 1 0 
60 42		 0 0 1 0 0 
60 -9999		 
60 -9999		 
60 -9999		 
60 -9999		 
60 -9999		 
60 -9999		 
60 -9999		 
60 -9999		 
61 -9999		 
61 -9999		 
61 -9999		 
61 -9999		 
61 -9999		 
61 -9999		 
61 -9999		 
61 -9999		 
61 -9999		 
61 -9999		 
62 -9999		 
62 -9999		 
62 -9999		 
62 -9999		 
62 -9999		 
62 -9999		 
62 -9999		 
62 -9999		 
62 -9999		 
62 -9999		 
63 59		 0 1 0 1 0 
63 90		 1 0 0 0 0 
63 72		 0 0 0 0 1 
63 41		 0 1 0 0 0 
63 38		 0 0 0 0 1 
63 14		 0 0 1 0 0 
63 40		 0 0 0 0 1 
63 16		 1 0 0 0 0 
63 53		 0 1 0 0 1 
63 23		 1 0 0 0 0 
63 75		0 1 0 0 0 
63 79		0 1 0 0 0 
63 83		0 1 1 0 0 
64 -9999		 
64 -9999		 
64 -9999		 
64 -9999		 
64 -9999		 
64 -9999		 
64 -9999		 
64 -9999		 
64 -9999		 
64 -9999		 
65 -9999		 
65 -9999		 
65 -9999		 
65 -9999		 
65 -9999		 
65 -9999		 
65 -9999		 
65 -9999		 
65 -9999		 
65 -9999		 
66 -9999		 
66 -9999		 
66 -9999		 
66 -9999		 
66 -9999		 
66 -9999		 
66 -9999		 
66 -9999		 
66 -9999		 
66 -9999		 
67 -9999		 
67 -9999		 
67 -9999		 
67 -9999		 
67 -9999		 
67 -9999		 
67 -9999		 
67 -9999		 
67 -9999		 
67 -9999		 
68 -9999		 
68 -9999		 
68 -9999		 
68 -9999		 
68 -9999		 
68 -9999		 
68 -9999		 
68 -9999		 
68 -9999		 
68 -9999		 
69 -9999		 
69 -9999		 
69 -9999		 
69 -9999		 
69 -9999		 
69 -9999		 
69 -9999		 
69 -9999		 
69 -9999		 
69 -9999		 
70 -9999		 
70 42		 0 0 0 1 0 
70 -9999		 
70 -9999		 
70 -9999		 
70 -9999		 
70 -9999		 
70 -9999		 
70 -9999		 
70 -9999		 
71 -9999		 
71 -9999		 
71 -9999		 
71 -9999		 
71 -9999		 
71 -9999		 
71 -9999		 
71 -9999		 
71 -9999		 
71 -9999		 
72 63		 0 0 0 0 1 
72 -9999		 
72 -9999		 
72 -9999		 
72 -9999		 
72 -9999		 
72 -9999		 
72 -9999		 
72 -9999		 
72 -9999		 
73 -9999		 
73 -9999		 
73 100		 0 0 0 1 0 
73 -9999		 
73 -9999		 
73 -9999		 
73 -9999		 
73 -9999		 
73 -9999		 
73 -9999		 
74 76		 1 0 0 0 0 
74 -9999		 
74 -9999		 
74 -9999		 
74 -9999		 
74 -9999		 
74 -9999		 
74 -9999		 
74 -9999		 
74 -9999		 
75 63		 0 1 0 0 0 
75 -9999		 
75 -9999		 
75 -9999		 
75 -9999		 
75 -9999		 
75 -9999		 
75 -9999		 
75 -9999		 
75 -9999		 
76 12		 0 0 0 0 1 
76 58		 1 0 0 0 0 
76 10		 0 0 0 1 0 
76 -9999		 
76 82		 0 1 0 0 0 
76 74		 1 0 0 0 0 
76 91		 0 1 0 0 0 
76 -9999		 
76 -9999		 
76 -9999		 
77 79		 0 0 0 0 1 
77 37		 0 0 1 0 0 
77 -9999		 
77 -9999		 
77 -9999		 
77 -9999		 
77 -9999		 
77 -9999		 
77 -9999		 
77 -9999		 
78 -9999		 
78 -9999		 
78 -9999		 
78 -9999		 
78 -9999		 
78 -9999		 
78 -9999		 
78 -9999		 
78 -9999		 
78 -9999		 
79 50		 1 0 0 0 0 
79 36		 0 1 0 0 0 
79 12		 0 0 0 1 0 
79 20		 0 1 0 0 0 
79 77		 0 0 0 0 1 
79 16		 0 0 0 0 1 
79 2		 0 0 0 0 1 
79 35		 1 0 0 0 0 
79 -9999		 
79 63		 0 1 0 0 0 
80 -9999		 
80 -9999		 
80 -9999		 
80 -9999		 
80 -9999		 
80 -9999		 
80 -9999		 
80 -9999		 
80 -9999		 
80 -9999		 
81 37		 0 1 0 0 0 
81 -9999		 
81 -9999		 
81 -9999		 
81 -9999		 
81 -9999		 
81 -9999		 
81 -9999		 
81 -9999		 
81 -9999		 
82 -9999		 
82 -9999		 
82 59		 1 0 0 0 0 
82 76		 0 1 0 0 0 
82 -9999		 
82 -9999		 
82 -9999		 
82 -9999		 
82 -9999		 
82 -9999		 
83 63		 0 1 1 0 0 
83 100		 0 1 0 0 0 
83 -9999		 
83 -9999		 
83 -9999		 
83 -9999		 
83 -9999		 
83 -9999		 
83 -9999		 
83 -9999		 
84 27		 0 0 0 1 0 
84 -9999		 
84 -9999		 
84 -9999		 
84 -9999		 
84 -9999		 
84 -9999		 
84 -9999		 
84 -9999		 
84 -9999		 
85 27		 0 0 0 0 1 
85 59		 0 0 0 0 1 
85 -9999		 
85 -9999		 
85 -9999		 
85 -9999		 
85 -9999		 
85 -9999		 
85 -9999		 
85 -9999		 
86 -9999		 
86 59		 0 1 0 0 0 
86 -9999		 
86 -9999		 
86 -9999		 
86 -9999		 
86 -9999		 
86 -9999		 
86 -9999		 
86 -9999		 
87 -9999		 
87 -9999		 
87 -9999		 
87 -9999		 
87 -9999		 
87 -9999		 
87 -9999		 
87 -9999		 
87 -9999		 
87 -9999		 
88 37		 1 0 0 0 0 
88 -9999		 
88 -9999		 
88 -9999		 
88 -9999		 
88 -9999		 
88 -9999		 
88 -9999		 
88 -9999		 
88 -9999		 
89 -9999		 
89 -9999		 
89 -9999		 
89 -9999		 
89 -9999		 
89 -9999		 
89 -9999		 
89 -9999		 
89 -9999		 
89 -9999		 
90 -9999		 
90 27		 0 0 0 1 0 
90 63		 1 0 0 0 0 
90 -9999		 
90 -9999		 
90 -9999		 
90 -9999		 
90 -9999		 
90 -9999		 
90 -9999		 
91 76		 0 1 0 0 0 
91 100		 0 0 0 0 1 
91 -9999		 
91 -9999		 
91 -9999		 
91 -9999		 
91 -9999		 
91 -9999		 
91 -9999		 
91 -9999		 
92 -9999		 
92 -9999		 
92 -9999		 
92 -9999		 
92 -9999		 
92 -9999		 
92 -9999		 
92 -9999		 
92 -9999		 
92 -9999		 
93 -9999		 
93 -9999		 
93 -9999		 
93 -9999		 
93 -9999		 
93 -9999		 
93 -9999		 
93 -9999		 
93 -9999		 
93 -9999		 
94 42		 0 1 0 0 0 
94 -9999		 
94 -9999		 
94 -9999		 
94 -9999		 
94 -9999		 
94 -9999		 
94 -9999		 
94 -9999		 
94 -9999		 
95 42		 0 1 0 0 0 
95 -9999		 
95 -9999		 
95 -9999		 
95 -9999		 
95 -9999		 
95 -9999		 
95 -9999		 
95 -9999		 
95 -9999		 
96 -9999		 
96 -9999		 
96 -9999		 
96 -9999		 
96 -9999		 
96 -9999		 
96 -9999		 
96 -9999		 
96 -9999		 
96 -9999		 
97 -9999		 
97 -9999		 
97 27		 1 0 0 0 0 
97 -9999		 
97 -9999		 
97 -9999		 
97 -9999		 
97 -9999		 
97 -9999		 
97 -9999		 
98 -9999		 
98 -9999		 
98 -9999		 
98 -9999		 
98 -9999		 
98 -9999		 
98 -9999		 
98 -9999		 
98 -9999		 
98 -9999		 
99 -9999		 
99 -9999		 
99 -9999		 
99 -9999		 
99 -9999		 
99 -9999		 
99 -9999		 
99 -9999		 
99 -9999		 
99 -9999		 
100 91		 0 0 0 0 1 
100 20		 1 0 0 0 1 
100 36		 0 0 1 0 0 
100 83		 0 1 0 0 0 
100 30		 0 0 0 0 1 
100 43		 0 1 0 0 0 
100 34		 0 0 1 0 0 
100 60		 0 0 0 1 0 
100 73		 0 0 0 1 0 
100 56		 0 0 0 0 1 
100 25		0 0 1 0 0 
100 59		0 0 0 0 1 
