1 50		 0 1 0 0 0 
1 -9999		 
1 -9999		 
1 -9999		 
1 -9999		 
1 30		 0 1 0 0 0 
1 67		 0 1 0 0 0 
1 -9999		 
1 -9999		 
1 -9999		 
2 -9999		 
2 -9999		 
2 -9999		 
2 -9999		 
2 -9999		 
2 -9999		 
2 -9999		 
2 -9999		 
2 -9999		 
2 21		 0 1 0 0 0 
3 37		 0 0 0 1 0 
3 59		 0 0 0 0 1 
3 -9999		 
3 -9999		 
3 -9999		 
3 67		 0 1 0 0 0 
3 -9999		 
3 6		 0 1 0 0 0 
3 -9999		 
3 -9999		 
4 -9999		 
4 -9999		 
4 -9999		 
4 -9999		 
4 -9999		 
4 -9999		 
4 -9999		 
4 -9999		 
4 -9999		 
4 -9999		 
5 79		 0 0 0 0 1 
5 67		 0 1 0 0 0 
5 82		 0 1 0 0 0 
5 -9999		 
5 -9999		 
5 -9999		 
5 -9999		 
5 -9999		 
5 -9999		 
5 -9999		 
6 -9999		 
6 63		 0 0 0 0 1 
6 -9999		 
6 41		 0 1 0 0 0 
6 -9999		 
6 38		 0 1 0 0 0 
6 3		 0 1 0 0 0 
6 -9999		 
6 -9999		 
6 -9999		 
7 34		 0 1 0 0 0 
7 -9999		 
7 -9999		 
7 25		 0 1 0 0 0 
7 -9999		 
7 -9999		 
7 -9999		 
7 -9999		 
7 75		 0 1 0 0 0 
7 -9999		 
8 29		 0 1 0 0 0 
8 88		 0 1 0 0 0 
8 -9999		 
8 27		 1 0 0 0 0 
8 -9999		 
8 -9999		 
8 -9999		 
8 -9999		 
8 -9999		 
8 -9999		 
9 59		 1 0 0 0 0 
9 -9999		 
9 70		 0 1 0 0 0 
9 85		 0 1 0 0 0 
9 63		 0 0 0 1 0 
9 -9999		 
9 -9999		 
9 -9999		 
9 -9999		 
9 19		 0 1 0 0 0 
10 21		 0 1 0 0 0 
10 -9999		 
10 -9999		 
10 76		 0 0 0 1 0 
10 -9999		 
10 -9999		 
10 -9999		 
10 -9999		 
10 -9999		 
10 -9999		 
11 -9999		 
11 94		 0 1 0 0 0 
11 -9999		 
11 -9999		 
11 -9999		 
11 -9999		 
11 -9999		 
11 -9999		 
11 -9999		 
11 -9999		 
12 -9999		 
12 -9999		 
12 -9999		 
12 -9999		 
12 -9999		 
12 -9999		 
12 52		 0 1 0 0 0 
12 34		 0 1 0 0 0 
12 -9999		 
12 -9999		 
13 -9999		 
13 74		 0 1 0 0 0 
13 -9999		 
13 -9999		 
13 -9999		 
13 -9999		 
13 -9999		 
13 -9999		 
13 -9999		 
13 -9999		 
14 99		 0 1 0 0 0 
14 79		 1 0 0 0 0 
14 -9999		 
14 -9999		 
14 -9999		 
14 -9999		 
14 -9999		 
14 -9999		 
14 -9999		 
14 -9999		 
15 -9999		 
15 -9999		 
15 -9999		 
15 -9999		 
15 51		 0 1 0 0 0 
15 52		 0 1 0 0 0 
15 -9999		 
15 -9999		 
15 -9999		 
15 -9999		 
16 73		 0 1 0 0 0 
16 59		 0 1 0 0 0 
16 -9999		 
16 26		 0 1 0 0 0 
16 -9999		 
16 -9999		 
16 -9999		 
16 -9999		 
16 -9999		 
16 -9999		 
17 59		 0 0 0 0 1 
17 -9999		 
17 19		 0 1 0 0 0 
17 -9999		 
17 -9999		 
17 -9999		 
17 -9999		 
17 -9999		 
17 43		 0 1 0 0 0 
17 78		 0 1 0 0 0 
18 -9999		 
18 -9999		 
18 -9999		 
18 -9999		 
18 -9999		 
18 -9999		 
18 -9999		 
18 -9999		 
18 -9999		 
18 76		 1 0 0 1 0 
19 9		 0 1 0 0 0 
19 17		 0 1 0 0 0 
19 59		 1 0 0 0 0 
19 76		 0 0 0 0 1 
19 -9999		 
19 -9999		 
19 -9999		 
19 -9999		 
19 -9999		 
19 -9999		 
20 -9999		 
20 -9999		 
20 -9999		 
20 -9999		 
20 65		 0 1 0 0 0 
20 -9999		 
20 -9999		 
20 -9999		 
20 35		 0 1 0 0 0 
20 -9999		 
21 10		 0 1 0 0 0 
21 -9999		 
21 -9999		 
21 79		 0 0 0 0 1 
21 -9999		 
21 -9999		 
21 -9999		 
21 -9999		 
21 -9999		 
21 2		 0 1 0 0 0 
22 -9999		 
22 -9999		 
22 -9999		 
22 -9999		 
22 -9999		 
22 -9999		 
22 -9999		 
22 97		 0 1 0 0 0 
22 -9999		 
22 -9999		 
23 -9999		 
23 27		 0 0 0 0 1 
23 -9999		 
23 -9999		 
23 -9999		 
23 -9999		 
23 -9999		 
23 -9999		 
23 61		 0 1 0 0 0 
23 -9999		 
24 -9999		 
24 56		 0 1 0 0 0 
24 63		 0 1 0 0 0 
24 52		 0 1 0 0 0 
24 -9999		 
24 -9999		 
24 -9999		 
24 -9999		 
24 -9999		 
24 -9999		 
25 -9999		 
25 -9999		 
25 7		 0 1 0 0 0 
25 76		 0 0 0 0 1 
25 58		 0 1 0 0 0 
25 46		 0 1 0 0 0 
25 51		 0 1 0 0 0 
25 -9999		 
25 -9999		 
25 -9999		 
26 16		 0 1 0 0 0 
26 46		 0 1 0 0 0 
26 -9999		 
26 -9999		 
26 -9999		 
26 -9999		 
26 -9999		 
26 -9999		 
26 43		 0 1 0 0 0 
26 -9999		 
27 23		 0 0 0 0 1 
27 73		 0 0 0 0 1 
27 8		 1 0 0 0 0 
27 71		 0 1 0 0 0 
27 -9999		 
27 97		 1 0 0 0 0 
27 -9999		 
27 -9999		 
27 -9999		 
27 -9999		 
28 42		 0 0 0 0 1 
28 -9999		 
28 -9999		 
28 -9999		 
28 -9999		 
28 -9999		 
28 -9999		 
28 -9999		 
28 80		 0 1 0 0 0 
28 -9999		 
29 42		 1 0 0 0 0 
29 -9999		 
29 -9999		 
29 8		 0 1 0 0 0 
29 -9999		 
29 -9999		 
29 -9999		 
29 -9999		 
29 -9999		 
29 -9999		 
30 -9999		 
30 -9999		 
30 81		 0 1 0 0 0 
30 98		 0 1 0 0 0 
30 -9999		 
30 -9999		 
30 -9999		 
30 -9999		 
30 1		 0 1 0 0 0 
30 -9999		 
31 95		 0 1 0 0 0 
31 -9999		 
31 -9999		 
31 88		 0 1 0 0 0 
31 64		 0 1 0 0 0 
31 37		 0 1 0 0 0 
31 -9999		 
31 -9999		 
31 -9999		 
31 -9999		 
32 -9999		 
32 -9999		 
32 67		 0 1 0 0 0 
32 95		 0 1 0 0 0 
32 -9999		 
32 -9999		 
32 -9999		 
32 -9999		 
32 -9999		 
32 -9999		 
33 63		 0 0 0 1 0 
33 -9999		 
33 79		 1 0 0 0 0 
33 -9999		 
33 54		 0 1 0 0 0 
33 -9999		 
33 -9999		 
33 -9999		 
33 -9999		 
33 -9999		 
34 12		 0 1 0 0 0 
34 37		 1 0 0 0 0 
34 84		 0 1 0 0 0 
34 -9999		 
34 7		 0 1 0 0 0 
34 -9999		 
34 -9999		 
34 -9999		 
34 -9999		 
34 98		 0 1 0 0 0 
35 -9999		 
35 -9999		 
35 -9999		 
35 -9999		 
35 -9999		 
35 -9999		 
35 -9999		 
35 -9999		 
35 -9999		 
35 20		 0 1 0 0 0 
36 -9999		 
36 -9999		 
36 -9999		 
36 -9999		 
36 -9999		 
36 -9999		 
36 92		 0 1 0 0 0 
36 -9999		 
36 -9999		 
36 -9999		 
37 95		 0 1 0 0 0 
37 3		 0 0 0 1 0 
37 34		 1 0 0 0 0 
37 65		 0 1 0 0 0 
37 -9999		 
37 66		 1 0 0 0 0 
37 -9999		 
37 31		 0 1 0 0 0 
37 61		 1 0 0 0 0 
37 81		 0 0 0 1 0 
38 -9999		 
38 79		 0 0 0 0 1 
38 93		 0 1 0 0 0 
38 6		 0 1 0 0 0 
38 -9999		 
38 -9999		 
38 -9999		 
38 -9999		 
38 -9999		 
38 -9999		 
39 69		 0 1 0 0 0 
39 -9999		 
39 -9999		 
39 49		 0 1 0 0 0 
39 100		 0 0 0 1 0 
39 -9999		 
39 -9999		 
39 -9999		 
39 -9999		 
39 -9999		 
40 -9999		 
40 -9999		 
40 96		 0 1 0 0 0 
40 97		 0 1 0 0 0 
40 -9999		 
40 -9999		 
40 -9999		 
40 -9999		 
40 -9999		 
40 84		 0 1 0 0 0 
41 -9999		 
41 -9999		 
41 -9999		 
41 -9999		 
41 -9999		 
41 -9999		 
41 -9999		 
41 6		 0 1 0 0 0 
41 78		 0 1 0 0 0 
41 66		 0 1 0 0 0 
42 28		 0 0 0 0 1 
42 29		 1 0 0 0 0 
42 58		 1 0 0 0 0 
42 -9999		 
42 -9999		 
42 85		 0 1 0 0 0 
42 -9999		 
42 -9999		 
42 -9999		 
42 -9999		 
43 -9999		 
43 -9999		 
43 -9999		 
43 54		 0 1 0 0 0 
43 -9999		 
43 17		 0 1 0 0 0 
43 26		 0 1 0 0 0 
43 -9999		 
43 -9999		 
43 -9999		 
44 -9999		 
44 69		 0 1 0 0 0 
44 -9999		 
44 -9999		 
44 -9999		 
44 89		 0 1 0 0 0 
44 -9999		 
44 -9999		 
44 -9999		 
44 -9999		 
45 -9999		 
45 -9999		 
45 -9999		 
45 -9999		 
45 -9999		 
45 -9999		 
45 -9999		 
45 -9999		 
45 -9999		 
45 -9999		 
46 -9999		 
46 -9999		 
46 -9999		 
46 25		 0 1 0 0 0 
46 -9999		 
46 -9999		 
46 -9999		 
46 26		 0 1 0 0 0 
46 -9999		 
46 -9999		 
47 -9999		 
47 -9999		 
47 -9999		 
47 -9999		 
47 -9999		 
47 -9999		 
47 -9999		 
47 -9999		 
47 -9999		 
47 -9999		 
48 -9999		 
48 -9999		 
48 97		 0 1 0 0 0 
48 -9999		 
48 -9999		 
48 65		 0 1 0 0 0 
48 -9999		 
48 -9999		 
48 -9999		 
48 -9999		 
49 -9999		 
49 59		 0 0 0 0 1 
49 -9999		 
49 -9999		 
49 -9999		 
49 39		 0 1 0 0 0 
49 -9999		 
49 -9999		 
49 -9999		 
49 -9999		 
50 100		 0 0 0 0 1 
50 80		 0 1 0 0 0 
50 1		 0 1 0 0 0 
50 -9999		 
50 -9999		 
50 -9999		 
50 -9999		 
50 -9999		 
50 -9999		 
50 -9999		 
51 -9999		 
51 -9999		 
51 -9999		 
51 -9999		 
51 -9999		 
51 -9999		 
51 15		 0 1 0 0 0 
51 25		 0 1 0 0 0 
51 -9999		 
51 81		 0 1 0 0 0 
52 12		 0 1 0 0 0 
52 -9999		 
52 15		 0 1 0 0 0 
52 24		 0 1 0 0 0 
52 -9999		 
52 -9999		 
52 -9999		 
52 73		 0 1 0 0 0 
52 69		 0 1 0 0 0 
52 -9999		 
53 94		 0 1 0 0 0 
53 -9999		 
53 -9999		 
53 79		 0 0 0 1 0 
53 -9999		 
53 -9999		 
53 -9999		 
53 -9999		 
53 76		 0 1 0 0 0 
53 -9999		 
54 79		 0 0 0 1 0 
54 -9999		 
54 43		 0 1 0 0 0 
54 -9999		 
54 64		 0 1 0 0 0 
54 -9999		 
54 -9999		 
54 -9999		 
54 33		 0 1 0 0 0 
54 -9999		 
55 -9999		 
55 -9999		 
55 -9999		 
55 -9999		 
55 -9999		 
55 -9999		 
55 -9999		 
55 -9999		 
55 -9999		 
55 -9999		 
56 -9999		 
56 86		 0 1 0 0 0 
56 -9999		 
56 -9999		 
56 -9999		 
56 -9999		 
56 -9999		 
56 24		 0 1 0 0 0 
56 70		 0 1 0 0 0 
56 -9999		 
57 -9999		 
57 -9999		 
57 -9999		 
57 -9999		 
57 -9999		 
57 -9999		 
57 -9999		 
57 -9999		 
57 -9999		 
57 64		 0 1 0 0 0 
58 42		 1 0 0 0 0 
58 -9999		 
58 -9999		 
58 63		 0 0 0 1 0 
58 65		 0 1 0 0 0 
58 25		 0 1 0 0 0 
58 70		 0 1 0 0 0 
58 -9999		 
58 -9999		 
58 -9999		 
59 9		 1 0 0 0 0 
59 3		 0 0 0 0 1 
59 17		 0 0 0 0 1 
59 19		 1 0 0 0 0 
59 16		 0 1 0 0 0 
59 49		 0 0 0 0 1 
59 -9999		 
59 69		 0 0 0 0 1 
59 60		 0 1 0 0 0 
59 88		 1 0 0 0 1 
60 -9999		 
60 59		 0 1 0 0 0 
60 -9999		 
60 -9999		 
60 -9999		 
60 -9999		 
60 -9999		 
60 -9999		 
60 -9999		 
60 -9999		 
61 37		 1 0 0 0 0 
61 -9999		 
61 -9999		 
61 -9999		 
61 23		 0 1 0 0 0 
61 -9999		 
61 -9999		 
61 -9999		 
61 -9999		 
61 -9999		 
62 -9999		 
62 -9999		 
62 -9999		 
62 -9999		 
62 -9999		 
62 -9999		 
62 -9999		 
62 -9999		 
62 -9999		 
62 -9999		 
63 24		 0 1 0 0 0 
63 70		 1 1 0 0 0 
63 64		 0 0 0 0 1 
63 91		 1 0 0 0 1 
63 97		 0 1 0 0 0 
63 93		 0 0 1 0 0 
63 9		 0 0 0 1 0 
63 88		 0 0 0 0 1 
63 94		 0 1 0 0 0 
63 6		 0 0 0 0 1 
63 67		0 0 0 1 0 
63 58		0 0 0 1 0 
63 33		0 0 0 1 0 
64 31		 0 1 0 0 0 
64 95		 0 1 0 0 0 
64 94		 0 1 0 0 0 
64 57		 0 1 0 0 0 
64 63		 0 0 0 0 1 
64 -9999		 
64 54		 0 1 0 0 0 
64 -9999		 
64 -9999		 
64 -9999		 
65 37		 0 1 0 0 0 
65 -9999		 
65 58		 0 1 0 0 0 
65 20		 0 1 0 0 0 
65 -9999		 
65 -9999		 
65 -9999		 
65 -9999		 
65 -9999		 
65 48		 0 1 0 0 0 
66 37		 1 0 0 0 0 
66 -9999		 
66 -9999		 
66 -9999		 
66 -9999		 
66 -9999		 
66 -9999		 
66 -9999		 
66 41		 0 1 0 0 0 
66 69		 0 1 0 0 0 
67 1		 0 1 0 0 0 
67 63		 0 0 0 1 0 
67 3		 0 1 0 0 0 
67 99		 0 1 0 0 0 
67 -9999		 
67 -9999		 
67 32		 0 1 0 0 0 
67 -9999		 
67 5		 0 1 0 0 0 
67 -9999		 
68 -9999		 
68 -9999		 
68 -9999		 
68 100		 0 0 0 1 0 
68 -9999		 
68 -9999		 
68 -9999		 
68 -9999		 
68 -9999		 
68 -9999		 
69 98		 0 1 0 0 0 
69 -9999		 
69 -9999		 
69 59		 0 0 0 0 1 
69 39		 0 1 0 0 0 
69 44		 0 1 0 0 0 
69 71		 0 1 0 0 0 
69 -9999		 
69 52		 0 1 0 0 0 
69 66		 0 1 0 0 0 
70 63		 1 1 0 0 0 
70 -9999		 
70 -9999		 
70 -9999		 
70 -9999		 
70 56		 0 1 0 0 0 
70 58		 0 1 0 0 0 
70 9		 0 1 0 0 0 
70 -9999		 
70 -9999		 
71 -9999		 
71 74		 0 1 0 0 0 
71 69		 0 1 0 0 0 
71 -9999		 
71 27		 0 1 0 0 0 
71 -9999		 
71 -9999		 
71 -9999		 
71 -9999		 
71 -9999		 
72 -9999		 
72 91		 0 1 0 0 0 
72 -9999		 
72 -9999		 
72 -9999		 
72 -9999		 
72 -9999		 
72 -9999		 
72 -9999		 
72 -9999		 
73 52		 0 1 0 0 0 
73 27		 0 0 0 0 1 
73 16		 0 1 0 0 0 
73 -9999		 
73 -9999		 
73 -9999		 
73 -9999		 
73 -9999		 
73 -9999		 
73 -9999		 
74 -9999		 
74 -9999		 
74 -9999		 
74 -9999		 
74 71		 0 1 0 0 0 
74 -9999		 
74 13		 0 1 0 0 0 
74 -9999		 
74 -9999		 
74 -9999		 
75 -9999		 
75 -9999		 
75 -9999		 
75 7		 0 1 0 0 0 
75 -9999		 
75 -9999		 
75 -9999		 
75 -9999		 
75 96		 0 1 0 0 0 
75 -9999		 
76 53		 0 1 0 0 0 
76 89		 0 0 1 0 0 
76 10		 0 0 0 1 0 
76 -9999		 
76 18		 1 0 0 1 0 
76 -9999		 
76 19		 0 0 0 0 1 
76 25		 0 0 0 0 1 
76 84		 0 0 0 0 1 
76 -9999		 
77 -9999		 
77 -9999		 
77 -9999		 
77 -9999		 
77 -9999		 
77 -9999		 
77 -9999		 
77 -9999		 
77 -9999		 
77 -9999		 
78 -9999		 
78 41		 0 1 0 0 0 
78 -9999		 
78 -9999		 
78 -9999		 
78 -9999		 
78 17		 0 1 0 0 0 
78 -9999		 
78 -9999		 
78 -9999		 
79 89		 1 0 0 0 0 
79 97		 0 0 1 0 0 
79 53		 0 0 0 1 0 
79 54		 0 0 0 1 0 
79 5		 0 0 0 0 1 
79 21		 0 0 0 0 1 
79 38		 0 0 0 0 1 
79 14		 1 0 0 0 0 
79 33		 1 0 0 0 0 
79 -9999		 
80 -9999		 
80 -9999		 
80 50		 0 1 0 0 0 
80 -9999		 
80 28		 0 1 0 0 0 
80 -9999		 
80 -9999		 
80 -9999		 
80 -9999		 
80 -9999		 
81 30		 0 1 0 0 0 
81 -9999		 
81 -9999		 
81 -9999		 
81 -9999		 
81 -9999		 
81 -9999		 
81 -9999		 
81 51		 0 1 0 0 0 
81 37		 0 0 0 1 0 
82 -9999		 
82 -9999		 
82 -9999		 
82 -9999		 
82 -9999		 
82 -9999		 
82 -9999		 
82 5		 0 1 0 0 0 
82 -9999		 
82 -9999		 
83 -9999		 
83 -9999		 
83 -9999		 
83 -9999		 
83 -9999		 
83 -9999		 
83 -9999		 
83 -9999		 
83 -9999		 
83 -9999		 
84 -9999		 
84 -9999		 
84 76		 0 0 0 0 1 
84 -9999		 
84 -9999		 
84 -9999		 
84 40		 0 1 0 0 0 
84 34		 0 1 0 0 0 
84 -9999		 
84 -9999		 
85 -9999		 
85 -9999		 
85 9		 0 1 0 0 0 
85 -9999		 
85 -9999		 
85 -9999		 
85 -9999		 
85 -9999		 
85 -9999		 
85 42		 0 1 0 0 0 
86 -9999		 
86 -9999		 
86 -9999		 
86 56		 0 1 0 0 0 
86 -9999		 
86 -9999		 
86 -9999		 
86 -9999		 
86 -9999		 
86 -9999		 
87 -9999		 
87 -9999		 
87 -9999		 
87 -9999		 
87 -9999		 
87 -9999		 
87 -9999		 
87 -9999		 
87 -9999		 
87 -9999		 
88 8		 0 1 0 0 0 
88 -9999		 
88 31		 0 1 0 0 0 
88 100		 0 0 0 1 0 
88 59		 1 0 0 0 1 
88 63		 0 0 0 0 1 
88 -9999		 
88 -9999		 
88 -9999		 
88 -9999		 
89 -9999		 
89 76		 0 0 1 0 0 
89 -9999		 
89 -9999		 
89 100		 0 1 0 0 0 
89 79		 1 0 0 0 0 
89 -9999		 
89 44		 0 1 0 0 0 
89 -9999		 
89 -9999		 
90 -9999		 
90 -9999		 
90 -9999		 
90 -9999		 
90 -9999		 
90 -9999		 
90 -9999		 
90 -9999		 
90 -9999		 
90 -9999		 
91 63		 1 0 0 0 1 
91 -9999		 
91 -9999		 
91 -9999		 
91 -9999		 
91 72		 0 1 0 0 0 
91 -9999		 
91 -9999		 
91 -9999		 
91 -9999		 
92 -9999		 
92 -9999		 
92 -9999		 
92 -9999		 
92 -9999		 
92 36		 0 1 0 0 0 
92 -9999		 
92 -9999		 
92 -9999		 
92 -9999		 
93 -9999		 
93 -9999		 
93 -9999		 
93 63		 0 0 1 0 0 
93 -9999		 
93 -9999		 
93 -9999		 
93 38		 0 1 0 0 0 
93 -9999		 
93 -9999		 
94 -9999		 
94 -9999		 
94 11		 0 1 0 0 0 
94 64		 0 1 0 0 0 
94 53		 0 1 0 0 0 
94 -9999		 
94 63		 0 1 0 0 0 
94 -9999		 
94 -9999		 
94 -9999		 
95 32		 0 1 0 0 0 
95 -9999		 
95 -9999		 
95 31		 0 1 0 0 0 
95 64		 0 1 0 0 0 
95 -9999		 
95 37		 0 1 0 0 0 
95 -9999		 
95 -9999		 
95 -9999		 
96 40		 0 1 0 0 0 
96 -9999		 
96 -9999		 
96 -9999		 
96 -9999		 
96 -9999		 
96 -9999		 
96 75		 0 1 0 0 0 
96 -9999		 
96 -9999		 
97 63		 0 1 0 0 0 
97 22		 0 1 0 0 0 
97 27		 1 0 0 0 0 
97 -9999		 
97 -9999		 
97 -9999		 
97 -9999		 
97 40		 0 1 0 0 0 
97 79		 0 0 1 0 0 
97 48		 0 1 0 0 0 
98 69		 0 1 0 0 0 
98 -9999		 
98 -9999		 
98 -9999		 
98 34		 0 1 0 0 0 
98 -9999		 
98 -9999		 
98 -9999		 
98 30		 0 1 0 0 0 
98 -9999		 
99 -9999		 
99 -9999		 
99 -9999		 
99 -9999		 
99 -9999		 
99 14		 0 1 0 0 0 
99 67		 0 1 0 0 0 
99 -9999		 
99 -9999		 
99 -9999		 
100 50		 0 0 0 0 1 
100 39		 0 0 0 1 0 
100 89		 0 1 0 0 0 
100 -9999		 
100 68		 0 0 0 1 0 
100 -9999		 
100 -9999		 
100 -9999		 
100 -9999		 
100 88		 0 0 0 1 0 
