1 -9999		 
1 -9999		 
1 -9999		 
1 -9999		 
1 -9999		 
1 -9999		 
1 -9999		 
1 -9999		 
1 -9999		 
1 -9999		 
2 -9999		 
2 -9999		 
2 -9999		 
2 -9999		 
2 -9999		 
2 -9999		 
2 -9999		 
2 -9999		 
2 -9999		 
2 -9999		 
3 42		 1 0 0 0 0 
3 -9999		 
3 -9999		 
3 -9999		 
3 -9999		 
3 -9999		 
3 -9999		 
3 -9999		 
3 -9999		 
3 -9999		 
4 -9999		 
4 -9999		 
4 -9999		 
4 -9999		 
4 -9999		 
4 -9999		 
4 -9999		 
4 -9999		 
4 -9999		 
4 -9999		 
5 42		 0 0 1 0 0 
5 -9999		 
5 -9999		 
5 -9999		 
5 -9999		 
5 -9999		 
5 -9999		 
5 -9999		 
5 -9999		 
5 -9999		 
6 59		 0 0 0 1 0 
6 -9999		 
6 -9999		 
6 -9999		 
6 -9999		 
6 -9999		 
6 -9999		 
6 -9999		 
6 -9999		 
6 -9999		 
7 27		 0 1 1 0 0 
7 -9999		 
7 -9999		 
7 -9999		 
7 -9999		 
7 -9999		 
7 -9999		 
7 -9999		 
7 -9999		 
7 -9999		 
8 27		 0 0 1 0 0 
8 -9999		 
8 -9999		 
8 -9999		 
8 -9999		 
8 -9999		 
8 -9999		 
8 -9999		 
8 -9999		 
8 -9999		 
9 -9999		 
9 -9999		 
9 -9999		 
9 -9999		 
9 -9999		 
9 -9999		 
9 -9999		 
9 -9999		 
9 -9999		 
9 -9999		 
10 -9999		 
10 -9999		 
10 -9999		 
10 -9999		 
10 -9999		 
10 -9999		 
10 -9999		 
10 -9999		 
10 -9999		 
10 -9999		 
11 -9999		 
11 -9999		 
11 -9999		 
11 -9999		 
11 -9999		 
11 -9999		 
11 -9999		 
11 -9999		 
11 -9999		 
11 -9999		 
12 79		 1 0 0 0 0 
12 -9999		 
12 -9999		 
12 -9999		 
12 -9999		 
12 -9999		 
12 -9999		 
12 -9999		 
12 -9999		 
12 -9999		 
13 27		 0 0 1 0 0 
13 -9999		 
13 -9999		 
13 -9999		 
13 -9999		 
13 -9999		 
13 -9999		 
13 -9999		 
13 -9999		 
13 -9999		 
14 27		 0 0 1 0 0 
14 63		 0 0 1 0 0 
14 -9999		 
14 -9999		 
14 -9999		 
14 -9999		 
14 -9999		 
14 -9999		 
14 -9999		 
14 -9999		 
15 76		 1 0 0 0 0 
15 -9999		 
15 -9999		 
15 -9999		 
15 -9999		 
15 -9999		 
15 -9999		 
15 -9999		 
15 -9999		 
15 -9999		 
16 -9999		 
16 -9999		 
16 59		 0 0 0 1 0 
16 -9999		 
16 -9999		 
16 -9999		 
16 -9999		 
16 -9999		 
16 -9999		 
16 -9999		 
17 37		 0 1 0 0 0 
17 100		 0 0 0 0 1 
17 -9999		 
17 -9999		 
17 -9999		 
17 -9999		 
17 -9999		 
17 -9999		 
17 -9999		 
17 -9999		 
18 -9999		 
18 -9999		 
18 -9999		 
18 -9999		 
18 -9999		 
18 -9999		 
18 -9999		 
18 -9999		 
18 -9999		 
18 -9999		 
19 37		 0 0 1 0 0 
19 -9999		 
19 -9999		 
19 -9999		 
19 -9999		 
19 -9999		 
19 -9999		 
19 -9999		 
19 -9999		 
19 -9999		 
20 -9999		 
20 79		 0 1 0 0 0 
20 -9999		 
20 -9999		 
20 -9999		 
20 -9999		 
20 -9999		 
20 -9999		 
20 -9999		 
20 -9999		 
21 37		 0 1 0 0 1 
21 -9999		 
21 -9999		 
21 -9999		 
21 -9999		 
21 -9999		 
21 -9999		 
21 -9999		 
21 -9999		 
21 -9999		 
22 -9999		 
22 59		 0 0 0 0 1 
22 63		 1 0 0 0 0 
22 -9999		 
22 -9999		 
22 -9999		 
22 -9999		 
22 -9999		 
22 -9999		 
22 -9999		 
23 -9999		 
23 63		 1 0 0 0 0 
23 -9999		 
23 -9999		 
23 -9999		 
23 -9999		 
23 -9999		 
23 -9999		 
23 -9999		 
23 -9999		 
24 -9999		 
24 63		 0 0 0 1 0 
24 -9999		 
24 -9999		 
24 -9999		 
24 -9999		 
24 -9999		 
24 -9999		 
24 -9999		 
24 -9999		 
25 100		 0 0 1 0 0 
25 37		 0 0 1 0 0 
25 -9999		 
25 -9999		 
25 -9999		 
25 -9999		 
25 -9999		 
25 -9999		 
25 -9999		 
25 -9999		 
26 -9999		 
26 -9999		 
26 -9999		 
26 -9999		 
26 -9999		 
26 -9999		 
26 -9999		 
26 -9999		 
26 -9999		 
26 -9999		 
27 44		 0 1 0 0 0 
27 71		 0 0 0 1 0 
27 98		 1 0 0 0 0 
27 14		 0 0 1 0 0 
27 37		 0 0 1 0 0 
27 68		 1 0 0 0 0 
27 13		 0 0 1 0 0 
27 69		 0 0 0 1 0 
27 8		 0 0 1 0 0 
27 51		 0 1 0 0 0 
27 47		0 1 0 0 0 
27 7		0 1 1 0 0 
28 79		 1 0 0 0 0 
28 -9999		 
28 -9999		 
28 -9999		 
28 -9999		 
28 -9999		 
28 -9999		 
28 -9999		 
28 -9999		 
28 -9999		 
29 -9999		 
29 -9999		 
29 -9999		 
29 -9999		 
29 -9999		 
29 -9999		 
29 -9999		 
29 -9999		 
29 -9999		 
29 -9999		 
30 -9999		 
30 -9999		 
30 -9999		 
30 -9999		 
30 -9999		 
30 -9999		 
30 -9999		 
30 -9999		 
30 -9999		 
30 -9999		 
31 -9999		 
31 -9999		 
31 -9999		 
31 -9999		 
31 -9999		 
31 -9999		 
31 -9999		 
31 -9999		 
31 -9999		 
31 -9999		 
32 100		 1 0 0 0 0 
32 63		 1 0 0 0 0 
32 -9999		 
32 -9999		 
32 -9999		 
32 -9999		 
32 -9999		 
32 -9999		 
32 -9999		 
32 -9999		 
33 76		 0 0 0 1 0 
33 -9999		 
33 -9999		 
33 -9999		 
33 -9999		 
33 -9999		 
33 -9999		 
33 -9999		 
33 -9999		 
33 -9999		 
34 100		 0 0 1 0 0 
34 42		 0 0 0 0 1 
34 63		 1 0 0 0 0 
34 -9999		 
34 -9999		 
34 -9999		 
34 -9999		 
34 -9999		 
34 -9999		 
34 -9999		 
35 -9999		 
35 -9999		 
35 -9999		 
35 -9999		 
35 -9999		 
35 -9999		 
35 -9999		 
35 -9999		 
35 -9999		 
35 -9999		 
36 79		 0 1 0 0 0 
36 100		 0 0 1 0 0 
36 -9999		 
36 -9999		 
36 -9999		 
36 -9999		 
36 -9999		 
36 -9999		 
36 -9999		 
36 -9999		 
37 81		 0 1 0 0 0 
37 17		 0 1 0 0 0 
37 63		 0 0 0 0 1 
37 51		 0 0 1 0 0 
37 25		 0 0 1 0 0 
37 21		 0 1 0 0 1 
37 27		 0 0 1 0 0 
37 77		 0 0 1 0 0 
37 19		 0 0 1 0 0 
37 38		 0 0 1 0 0 
37 82		0 0 0 0 1 
38 -9999		 
38 37		 0 0 1 0 0 
38 59		 0 0 0 0 1 
38 -9999		 
38 -9999		 
38 -9999		 
38 -9999		 
38 -9999		 
38 -9999		 
38 -9999		 
39 42		 0 0 0 1 0 
39 -9999		 
39 -9999		 
39 -9999		 
39 -9999		 
39 -9999		 
39 -9999		 
39 -9999		 
39 -9999		 
39 -9999		 
40 -9999		 
40 -9999		 
40 -9999		 
40 -9999		 
40 -9999		 
40 -9999		 
40 -9999		 
40 -9999		 
40 -9999		 
40 -9999		 
41 63		 0 1 0 0 0 
41 -9999		 
41 -9999		 
41 -9999		 
41 -9999		 
41 -9999		 
41 -9999		 
41 -9999		 
41 -9999		 
41 -9999		 
42 95		 0 1 0 0 0 
42 94		 0 1 0 0 0 
42 5		 0 0 1 0 0 
42 39		 0 0 0 1 0 
42 34		 0 0 0 0 1 
42 60		 0 0 1 0 0 
42 53		 0 0 0 1 0 
42 99		 0 0 0 0 1 
42 84		 0 0 0 0 1 
42 90		 0 0 0 0 1 
42 3		1 0 0 0 0 
42 59		0 0 0 0 1 
43 -9999		 
43 100		 0 1 0 0 0 
43 -9999		 
43 -9999		 
43 -9999		 
43 -9999		 
43 -9999		 
43 -9999		 
43 -9999		 
43 -9999		 
44 27		 0 1 0 0 0 
44 -9999		 
44 -9999		 
44 -9999		 
44 -9999		 
44 -9999		 
44 -9999		 
44 -9999		 
44 -9999		 
44 -9999		 
45 -9999		 
45 -9999		 
45 -9999		 
45 -9999		 
45 -9999		 
45 -9999		 
45 -9999		 
45 -9999		 
45 -9999		 
45 -9999		 
46 100		 1 0 0 0 0 
46 -9999		 
46 -9999		 
46 -9999		 
46 -9999		 
46 -9999		 
46 -9999		 
46 -9999		 
46 -9999		 
46 -9999		 
47 27		 0 1 0 0 0 
47 -9999		 
47 -9999		 
47 -9999		 
47 -9999		 
47 -9999		 
47 -9999		 
47 -9999		 
47 -9999		 
47 -9999		 
48 59		 1 0 0 0 0 
48 -9999		 
48 -9999		 
48 -9999		 
48 -9999		 
48 -9999		 
48 -9999		 
48 -9999		 
48 -9999		 
48 -9999		 
49 -9999		 
49 -9999		 
49 -9999		 
49 -9999		 
49 -9999		 
49 -9999		 
49 -9999		 
49 -9999		 
49 -9999		 
49 -9999		 
50 -9999		 
50 -9999		 
50 -9999		 
50 -9999		 
50 -9999		 
50 -9999		 
50 -9999		 
50 -9999		 
50 -9999		 
50 -9999		 
51 -9999		 
51 27		 0 1 0 0 0 
51 37		 0 0 1 0 0 
51 -9999		 
51 -9999		 
51 -9999		 
51 -9999		 
51 -9999		 
51 -9999		 
51 -9999		 
52 -9999		 
52 -9999		 
52 -9999		 
52 -9999		 
52 -9999		 
52 -9999		 
52 -9999		 
52 -9999		 
52 -9999		 
52 -9999		 
53 63		 0 1 0 0 0 
53 42		 0 0 0 1 0 
53 -9999		 
53 -9999		 
53 -9999		 
53 -9999		 
53 -9999		 
53 -9999		 
53 -9999		 
53 -9999		 
54 -9999		 
54 -9999		 
54 -9999		 
54 -9999		 
54 -9999		 
54 -9999		 
54 -9999		 
54 -9999		 
54 -9999		 
54 -9999		 
55 -9999		 
55 -9999		 
55 -9999		 
55 -9999		 
55 -9999		 
55 -9999		 
55 -9999		 
55 -9999		 
55 -9999		 
55 -9999		 
56 -9999		 
56 59		 0 1 0 0 0 
56 -9999		 
56 -9999		 
56 -9999		 
56 -9999		 
56 -9999		 
56 -9999		 
56 -9999		 
56 -9999		 
57 76		 0 0 0 1 0 
57 -9999		 
57 -9999		 
57 -9999		 
57 -9999		 
57 -9999		 
57 -9999		 
57 -9999		 
57 -9999		 
57 -9999		 
58 59		 0 1 0 0 0 
58 -9999		 
58 -9999		 
58 -9999		 
58 -9999		 
58 -9999		 
58 -9999		 
58 -9999		 
58 -9999		 
58 -9999		 
59 48		 1 0 0 0 0 
59 89		 0 0 0 0 1 
59 90		 0 0 0 0 1 
59 38		 0 0 0 0 1 
59 86		 0 1 0 0 0 
59 42		 0 0 0 0 1 
59 58		 0 1 0 0 0 
59 63		 0 1 0 0 0 
59 56		 0 1 0 0 0 
59 16		 0 0 0 1 0 
59 22		0 0 0 0 1 
59 6		0 0 0 1 0 
60 -9999		 
60 42		 0 0 1 0 0 
60 -9999		 
60 -9999		 
60 -9999		 
60 -9999		 
60 -9999		 
60 -9999		 
60 -9999		 
60 -9999		 
61 -9999		 
61 -9999		 
61 -9999		 
61 -9999		 
61 -9999		 
61 -9999		 
61 -9999		 
61 -9999		 
61 -9999		 
61 -9999		 
62 100		 0 0 0 0 1 
62 -9999		 
62 -9999		 
62 -9999		 
62 -9999		 
62 -9999		 
62 -9999		 
62 -9999		 
62 -9999		 
62 -9999		 
63 59		 0 1 0 0 0 
63 34		 1 0 0 0 0 
63 37		 0 0 0 0 1 
63 41		 0 1 0 0 0 
63 24		 0 0 0 1 0 
63 14		 0 0 1 0 0 
63 75		 0 1 0 0 0 
63 32		 1 0 0 0 0 
63 53		 0 1 0 0 0 
63 23		 1 0 0 0 0 
63 22		1 0 0 0 0 
63 79		0 1 0 0 0 
63 83		0 1 1 0 0 
64 -9999		 
64 -9999		 
64 -9999		 
64 -9999		 
64 -9999		 
64 -9999		 
64 -9999		 
64 -9999		 
64 -9999		 
64 -9999		 
65 -9999		 
65 -9999		 
65 -9999		 
65 -9999		 
65 -9999		 
65 -9999		 
65 -9999		 
65 -9999		 
65 -9999		 
65 -9999		 
66 -9999		 
66 -9999		 
66 -9999		 
66 -9999		 
66 -9999		 
66 -9999		 
66 -9999		 
66 -9999		 
66 -9999		 
66 -9999		 
67 -9999		 
67 -9999		 
67 -9999		 
67 -9999		 
67 -9999		 
67 -9999		 
67 -9999		 
67 -9999		 
67 -9999		 
67 -9999		 
68 27		 1 0 0 0 0 
68 -9999		 
68 -9999		 
68 -9999		 
68 -9999		 
68 -9999		 
68 -9999		 
68 -9999		 
68 -9999		 
68 -9999		 
69 27		 0 0 0 1 0 
69 -9999		 
69 -9999		 
69 -9999		 
69 -9999		 
69 -9999		 
69 -9999		 
69 -9999		 
69 -9999		 
69 -9999		 
70 -9999		 
70 -9999		 
70 -9999		 
70 -9999		 
70 -9999		 
70 -9999		 
70 -9999		 
70 -9999		 
70 -9999		 
70 -9999		 
71 27		 0 0 0 1 0 
71 -9999		 
71 -9999		 
71 -9999		 
71 -9999		 
71 -9999		 
71 -9999		 
71 -9999		 
71 -9999		 
71 -9999		 
72 -9999		 
72 -9999		 
72 -9999		 
72 -9999		 
72 -9999		 
72 -9999		 
72 -9999		 
72 -9999		 
72 -9999		 
72 -9999		 
73 -9999		 
73 -9999		 
73 -9999		 
73 -9999		 
73 -9999		 
73 -9999		 
73 -9999		 
73 -9999		 
73 -9999		 
73 -9999		 
74 -9999		 
74 -9999		 
74 -9999		 
74 -9999		 
74 -9999		 
74 -9999		 
74 -9999		 
74 -9999		 
74 -9999		 
74 -9999		 
75 63		 0 1 0 0 0 
75 -9999		 
75 -9999		 
75 -9999		 
75 -9999		 
75 -9999		 
75 -9999		 
75 -9999		 
75 -9999		 
75 -9999		 
76 15		 1 0 0 0 0 
76 -9999		 
76 -9999		 
76 33		 0 0 0 1 0 
76 82		 0 1 0 0 0 
76 -9999		 
76 91		 0 1 0 0 0 
76 57		 0 0 0 1 0 
76 89		 0 0 0 1 0 
76 85		 0 0 0 1 0 
77 -9999		 
77 37		 0 0 1 0 0 
77 -9999		 
77 -9999		 
77 -9999		 
77 -9999		 
77 -9999		 
77 -9999		 
77 -9999		 
77 -9999		 
78 -9999		 
78 -9999		 
78 -9999		 
78 -9999		 
78 -9999		 
78 -9999		 
78 -9999		 
78 -9999		 
78 -9999		 
78 -9999		 
79 -9999		 
79 36		 0 1 0 0 0 
79 12		 1 0 0 0 0 
79 20		 0 1 0 0 0 
79 28		 1 0 0 0 0 
79 90		 1 0 0 0 0 
79 94		 1 0 0 0 0 
79 -9999		 
79 -9999		 
79 63		 0 1 0 0 0 
80 -9999		 
80 -9999		 
80 -9999		 
80 -9999		 
80 -9999		 
80 -9999		 
80 -9999		 
80 -9999		 
80 -9999		 
80 -9999		 
81 37		 0 1 0 0 0 
81 -9999		 
81 -9999		 
81 -9999		 
81 -9999		 
81 -9999		 
81 -9999		 
81 -9999		 
81 -9999		 
81 -9999		 
82 37		 0 0 0 0 1 
82 -9999		 
82 -9999		 
82 76		 0 1 0 0 0 
82 -9999		 
82 -9999		 
82 -9999		 
82 -9999		 
82 -9999		 
82 -9999		 
83 63		 0 1 1 0 0 
83 100		 0 1 0 0 0 
83 -9999		 
83 -9999		 
83 -9999		 
83 -9999		 
83 -9999		 
83 -9999		 
83 -9999		 
83 -9999		 
84 42		 0 0 0 0 1 
84 -9999		 
84 -9999		 
84 -9999		 
84 -9999		 
84 -9999		 
84 -9999		 
84 -9999		 
84 -9999		 
84 -9999		 
85 -9999		 
85 -9999		 
85 76		 0 0 0 1 0 
85 -9999		 
85 -9999		 
85 -9999		 
85 -9999		 
85 -9999		 
85 -9999		 
85 -9999		 
86 -9999		 
86 59		 0 1 0 0 0 
86 -9999		 
86 -9999		 
86 -9999		 
86 -9999		 
86 -9999		 
86 -9999		 
86 -9999		 
86 -9999		 
87 -9999		 
87 -9999		 
87 -9999		 
87 -9999		 
87 -9999		 
87 -9999		 
87 -9999		 
87 -9999		 
87 -9999		 
87 -9999		 
88 -9999		 
88 -9999		 
88 -9999		 
88 -9999		 
88 -9999		 
88 -9999		 
88 -9999		 
88 -9999		 
88 -9999		 
88 -9999		 
89 76		 0 0 0 1 0 
89 59		 0 0 0 0 1 
89 -9999		 
89 -9999		 
89 -9999		 
89 -9999		 
89 -9999		 
89 -9999		 
89 -9999		 
89 -9999		 
90 42		 0 0 0 0 1 
90 59		 0 0 0 0 1 
90 -9999		 
90 79		 1 0 0 0 0 
90 -9999		 
90 -9999		 
90 -9999		 
90 -9999		 
90 -9999		 
90 -9999		 
91 76		 0 1 0 0 0 
91 -9999		 
91 -9999		 
91 -9999		 
91 -9999		 
91 -9999		 
91 -9999		 
91 -9999		 
91 -9999		 
91 -9999		 
92 -9999		 
92 -9999		 
92 -9999		 
92 -9999		 
92 -9999		 
92 -9999		 
92 -9999		 
92 -9999		 
92 -9999		 
92 -9999		 
93 -9999		 
93 -9999		 
93 -9999		 
93 -9999		 
93 -9999		 
93 -9999		 
93 -9999		 
93 -9999		 
93 -9999		 
93 -9999		 
94 42		 0 1 0 0 0 
94 79		 1 0 0 0 0 
94 -9999		 
94 -9999		 
94 -9999		 
94 -9999		 
94 -9999		 
94 -9999		 
94 -9999		 
94 -9999		 
95 42		 0 1 0 0 0 
95 -9999		 
95 -9999		 
95 -9999		 
95 -9999		 
95 -9999		 
95 -9999		 
95 -9999		 
95 -9999		 
95 -9999		 
96 -9999		 
96 -9999		 
96 -9999		 
96 -9999		 
96 -9999		 
96 -9999		 
96 -9999		 
96 -9999		 
96 -9999		 
96 -9999		 
97 -9999		 
97 -9999		 
97 -9999		 
97 -9999		 
97 -9999		 
97 -9999		 
97 -9999		 
97 -9999		 
97 -9999		 
97 -9999		 
98 27		 1 0 0 0 0 
98 -9999		 
98 -9999		 
98 -9999		 
98 -9999		 
98 -9999		 
98 -9999		 
98 -9999		 
98 -9999		 
98 -9999		 
99 42		 0 0 0 0 1 
99 -9999		 
99 -9999		 
99 -9999		 
99 -9999		 
99 -9999		 
99 -9999		 
99 -9999		 
99 -9999		 
99 -9999		 
100 62		 0 0 0 0 1 
100 -9999		 
100 36		 0 0 1 0 0 
100 83		 0 1 0 0 0 
100 17		 0 0 0 0 1 
100 43		 0 1 0 0 0 
100 34		 0 0 1 0 0 
100 25		 0 0 1 0 0 
100 32		 1 0 0 0 0 
100 46		 1 0 0 0 0 
