1 86		 0 0 1 0 0 
1 2		 0 0 1 0 0 
1 59		 0 0 1 0 0 
1 80		 0 0 0 1 0 
1 67		 0 0 0 1 0 
1 5		 0 0 0 1 0 
1 -9999		 
1 -9999		 
1 -9999		 
1 -9999		 
2 1		 0 0 1 0 0 
2 25		 0 0 1 0 0 
2 23		 0 0 1 0 0 
2 94		 0 0 0 0 1 
2 45		 0 0 0 0 1 
2 54		 0 0 0 0 1 
2 -9999		 
2 -9999		 
2 -9999		 
2 -9999		 
3 48		 0 0 1 0 0 
3 97		 0 0 1 0 0 
3 72		 0 0 0 1 0 
3 41		 0 0 0 1 0 
3 83		 0 0 0 1 0 
3 92		 0 0 0 1 0 
3 27		 0 0 0 0 1 
3 35		 0 0 0 0 1 
3 62		 0 0 0 0 1 
3 11		 0 0 0 0 1 
3 77		0 0 0 0 1 
4 42		 0 0 0 1 0 
4 10		 0 0 0 1 0 
4 7		 0 0 0 0 1 
4 72		 0 0 0 0 1 
4 39		 0 0 0 0 1 
4 76		 0 0 0 0 1 
4 -9999		 
4 -9999		 
4 -9999		 
4 -9999		 
5 66		 0 0 0 0 1 
5 93		 0 0 1 0 0 
5 22		 0 0 1 0 0 
5 1		 0 0 0 1 0 
5 40		 0 0 0 1 0 
5 36		 0 0 0 1 0 
5 -9999		 
5 -9999		 
5 -9999		 
5 -9999		 
6 76		 0 1 0 1 1 
6 87		 0 0 0 0 1 
6 24		 0 0 1 0 0 
6 35		 0 0 1 0 0 
6 56		 0 0 0 1 0 
6 80		 0 0 0 1 0 
6 68		 0 0 0 1 0 
6 91		 0 0 0 0 1 
6 -9999		 
6 -9999		 
7 79		 0 1 0 0 0 
7 68		 0 0 1 0 0 
7 48		 0 0 0 1 0 
7 64		 0 0 1 0 0 
7 73		 0 0 1 0 0 
7 85		 0 0 0 1 0 
7 74		 0 0 0 1 0 
7 4		 0 0 0 0 1 
7 67		 0 0 0 0 1 
7 -9999		 
8 44		 0 0 0 0 1 
8 37		 1 0 0 0 0 
8 62		 0 0 1 0 0 
8 92		 0 0 1 0 1 
8 30		 0 0 1 0 0 
8 77		 0 0 0 1 0 
8 49		 0 0 0 1 0 
8 89		 0 0 0 1 0 
8 43		 0 0 0 0 1 
8 -9999		 
9 70		 0 0 0 1 0 
9 19		 0 0 1 0 0 
9 61		 0 0 1 0 0 
9 -9999		 
9 -9999		 
9 -9999		 
9 -9999		 
9 -9999		 
9 -9999		 
9 -9999		 
10 -9999		 
10 38		 0 0 1 0 0 
10 15		 0 0 1 0 0 
10 4		 0 0 0 1 0 
10 30		 0 0 0 0 1 
10 -9999		 
10 -9999		 
10 -9999		 
10 -9999		 
10 -9999		 
11 98		 0 0 0 1 0 
11 3		 0 0 0 0 1 
11 38		 0 0 0 0 1 
11 15		 0 0 0 0 1 
11 -9999		 
11 -9999		 
11 -9999		 
11 -9999		 
11 -9999		 
11 -9999		 
12 18		 0 0 0 1 0 
12 86		 0 0 0 0 1 
12 42		 1 0 0 0 0 
12 55		 0 0 0 1 0 
12 83		 0 0 0 1 0 
12 -9999		 
12 -9999		 
12 -9999		 
12 -9999		 
12 -9999		 
13 37		 0 1 0 0 0 
13 70		 0 0 1 0 0 
13 14		 0 0 1 0 0 
13 88		 0 0 0 1 0 
13 65		 0 0 0 1 0 
13 73		 0 0 0 0 1 
13 -9999		 
13 -9999		 
13 -9999		 
13 -9999		 
14 13		 0 0 1 0 0 
14 18		 0 0 1 0 0 
14 49		 0 0 1 0 0 
14 78		 0 0 1 0 0 
14 91		 0 0 0 1 1 
14 34		 0 0 0 1 0 
14 19		 0 0 0 0 1 
14 66		 0 0 0 0 1 
14 -9999		 
14 -9999		 
15 10		 0 0 1 0 0 
15 -9999		 
15 23		 0 0 1 0 0 
15 82		 0 0 1 0 0 
15 21		 0 0 0 1 0 
15 78		 0 0 0 1 0 
15 11		 0 0 0 0 1 
15 37		 0 0 0 0 1 
15 83		 0 0 0 0 1 
15 -9999		 
16 59		 0 0 0 0 1 
16 73		 0 0 1 0 0 
16 27		 0 0 1 0 0 
16 100		 0 0 0 0 1 
16 -9999		 
16 -9999		 
16 -9999		 
16 -9999		 
16 -9999		 
16 -9999		 
17 21		 0 0 1 0 0 
17 63		 0 0 1 0 0 
17 83		 0 0 1 0 0 
17 85		 0 0 0 0 1 
17 -9999		 
17 -9999		 
17 -9999		 
17 -9999		 
17 -9999		 
17 -9999		 
18 89		 0 0 0 0 1 
18 79		 0 1 0 0 0 
18 14		 0 0 1 0 0 
18 12		 0 0 0 1 0 
18 54		 0 0 0 1 0 
18 67		 0 0 0 1 0 
18 34		 0 0 0 0 1 
18 -9999		 
18 -9999		 
18 -9999		 
19 49		 0 0 0 0 1 
19 9		 0 0 1 0 0 
19 79		 0 1 0 0 0 
19 74		 0 0 1 0 0 
19 36		 0 0 1 0 0 
19 93		 0 0 1 0 0 
19 45		 0 0 0 1 0 
19 41		 0 0 0 1 0 
19 52		 0 0 0 1 0 
19 14		 0 0 0 0 1 
19 63		0 0 0 0 1 
19 23		0 0 0 0 1 
19 57		0 0 0 0 1 
20 48		 0 0 1 0 0 
20 44		 0 0 1 0 0 
20 39		 0 0 1 0 0 
20 49		 0 0 0 1 0 
20 40		 0 0 0 0 1 
20 26		 0 0 0 0 1 
20 63		 0 0 0 0 1 
20 -9999		 
20 -9999		 
20 -9999		 
21 17		 0 0 1 0 0 
21 74		 0 0 1 0 0 
21 48		 0 0 1 0 0 
21 15		 0 0 0 1 0 
21 60		 0 0 0 0 1 
21 39		 0 0 0 0 1 
21 -9999		 
21 -9999		 
21 -9999		 
21 -9999		 
22 5		 0 0 1 0 0 
22 36		 0 0 0 1 0 
22 49		 0 0 0 1 0 
22 40		 0 0 0 0 1 
22 -9999		 
22 -9999		 
22 -9999		 
22 -9999		 
22 -9999		 
22 -9999		 
23 27		 1 0 0 0 0 
23 100		 0 1 0 0 0 
23 2		 0 0 1 0 0 
23 15		 0 0 1 0 0 
23 93		 0 0 1 0 0 
23 37		 0 0 1 0 0 
23 43		 0 0 1 0 0 
23 79		 0 0 0 1 0 
23 19		 0 0 0 0 1 
23 92		 0 0 0 0 1 
24 59		 0 0 1 0 0 
24 6		 0 0 1 0 0 
24 32		 0 0 1 0 0 
24 77		 0 0 1 0 0 
24 33		 0 0 0 1 0 
24 89		 0 0 0 0 1 
24 50		 0 0 0 0 1 
24 51		 0 0 0 0 1 
24 -9999		 
24 -9999		 
25 2		 0 0 1 0 0 
25 38		 0 0 0 0 1 
25 -9999		 
25 -9999		 
25 -9999		 
25 -9999		 
25 -9999		 
25 -9999		 
25 -9999		 
25 -9999		 
26 90		 0 0 1 0 0 
26 79		 0 0 1 0 0 
26 69		 0 0 1 0 0 
26 41		 0 0 1 0 0 
26 32		 0 0 0 1 0 
26 93		 0 0 0 1 0 
26 20		 0 0 0 0 1 
26 74		 0 0 0 0 1 
26 44		 0 0 0 0 1 
26 -9999		 
27 45		 0 1 0 0 0 
27 79		 0 0 0 1 0 
27 65		 1 0 0 0 0 
27 53		 0 0 1 0 0 
27 85		 0 0 1 0 0 
27 83		 1 0 0 0 0 
27 81		 0 0 1 0 0 
27 3		 0 0 0 0 1 
27 16		 0 0 1 0 0 
27 23		 1 0 0 0 0 
28 96		 0 0 1 0 0 
28 63		 0 0 1 0 0 
28 30		 0 0 0 0 1 
28 -9999		 
28 -9999		 
28 -9999		 
28 -9999		 
28 -9999		 
28 -9999		 
28 -9999		 
29 90		 0 0 1 0 0 
29 51		 0 0 0 1 0 
29 61		 0 0 1 0 0 
29 100		 0 0 0 0 1 
29 -9999		 
29 -9999		 
29 -9999		 
29 -9999		 
29 -9999		 
29 -9999		 
30 8		 0 0 1 0 0 
30 98		 0 0 0 1 0 
30 94		 0 0 0 1 0 
30 10		 0 0 0 0 1 
30 28		 0 0 0 0 1 
30 34		 0 0 0 0 1 
30 -9999		 
30 -9999		 
30 -9999		 
30 -9999		 
31 72		 0 0 1 0 0 
31 98		 0 0 1 0 0 
31 96		 0 0 0 1 0 
31 78		 0 0 0 1 0 
31 -9999		 
31 -9999		 
31 -9999		 
31 -9999		 
31 -9999		 
31 -9999		 
32 26		 0 0 0 1 0 
32 42		 0 1 0 0 0 
32 -9999		 
32 24		 0 0 1 0 0 
32 72		 0 0 0 1 0 
32 100		 0 0 0 0 1 
32 50		 0 0 0 0 1 
32 -9999		 
32 -9999		 
32 -9999		 
33 100		 0 1 0 0 0 
33 38		 0 0 1 0 0 
33 62		 0 0 1 0 0 
33 24		 0 0 0 1 0 
33 36		 0 0 0 1 0 
33 85		 0 0 0 0 1 
33 -9999		 
33 -9999		 
33 -9999		 
33 -9999		 
34 59		 0 0 0 0 1 
34 73		 0 0 1 0 0 
34 14		 0 0 0 1 0 
34 58		 0 0 0 1 0 
34 98		 0 0 0 1 0 
34 88		 0 0 0 1 0 
34 61		 0 0 0 1 0 
34 18		 0 0 0 0 1 
34 30		 0 0 0 0 1 
34 48		 0 0 0 0 1 
35 79		 1 0 0 0 0 
35 6		 0 0 1 0 0 
35 47		 0 0 1 0 0 
35 60		 0 0 0 1 0 
35 42		 0 0 0 1 0 
35 65		 0 0 0 1 1 
35 3		 0 0 0 0 1 
35 75		 0 0 0 0 1 
35 -9999		 
35 -9999		 
36 5		 0 0 0 1 0 
36 19		 0 0 1 0 0 
36 22		 0 0 0 1 0 
36 33		 0 0 0 1 0 
36 59		 0 0 0 1 0 
36 78		 0 0 0 1 0 
36 57		 0 0 0 1 0 
36 82		 0 0 0 0 1 
36 -9999		 
36 -9999		 
37 23		 0 0 1 0 0 
37 45		 0 0 1 0 0 
37 15		 0 0 0 0 1 
37 8		 1 0 0 0 0 
37 93		 0 0 0 0 1 
37 13		 0 1 0 0 0 
37 64		 0 0 0 1 0 
37 100		 0 0 0 1 0 
37 81		 0 0 0 1 0 
37 84		 0 0 0 1 0 
38 10		 0 0 1 0 0 
38 33		 0 0 1 0 0 
38 100		 0 0 1 0 0 
38 87		 0 0 1 0 0 
38 58		 0 0 1 0 0 
38 68		 0 0 0 1 0 
38 11		 0 0 0 0 1 
38 25		 0 0 0 0 1 
38 83		 0 0 0 0 1 
38 -9999		 
39 63		 0 1 0 0 0 
39 20		 0 0 1 0 0 
39 4		 0 0 0 0 1 
39 21		 0 0 0 0 1 
39 -9999		 
39 -9999		 
39 -9999		 
39 -9999		 
39 -9999		 
39 -9999		 
40 5		 0 0 0 1 0 
40 -9999		 
40 81		 0 0 0 1 1 
40 20		 0 0 0 0 1 
40 22		 0 0 0 0 1 
40 65		 0 0 0 0 1 
40 -9999		 
40 -9999		 
40 -9999		 
40 -9999		 
41 51		 0 0 0 0 1 
41 26		 0 0 1 0 0 
41 95		 0 0 1 0 0 
41 3		 0 0 0 1 0 
41 19		 0 0 0 1 0 
41 100		 0 0 0 1 0 
41 81		 0 0 0 1 0 
41 96		 0 0 0 1 0 
41 -9999		 
41 -9999		 
42 46		 0 0 1 0 0 
42 79		 0 0 1 0 0 
42 4		 0 0 0 1 0 
42 35		 0 0 0 1 0 
42 12		 1 0 0 0 0 
42 50		 0 0 0 1 0 
42 32		 0 1 0 0 0 
42 71		 0 1 0 0 0 
42 76		 0 1 0 0 0 
42 68		 0 0 0 1 0 
42 49		0 0 0 0 1 
42 77		0 0 0 0 1 
43 23		 0 0 1 0 0 
43 8		 0 0 0 0 1 
43 -9999		 
43 -9999		 
43 -9999		 
43 -9999		 
43 -9999		 
43 -9999		 
43 -9999		 
43 -9999		 
44 56		 0 0 0 1 0 
44 20		 0 0 1 0 0 
44 91		 0 0 1 0 0 
44 8		 0 0 0 0 1 
44 26		 0 0 0 0 1 
44 55		 0 0 0 0 1 
44 -9999		 
44 -9999		 
44 -9999		 
44 -9999		 
45 37		 0 0 1 0 0 
45 19		 0 0 0 1 0 
45 27		 0 1 0 0 0 
45 67		 0 0 1 0 0 
45 55		 0 0 1 0 0 
45 47		 0 0 0 1 0 
45 94		 0 0 0 1 0 
45 2		 0 0 0 0 1 
45 79		 0 0 0 0 1 
45 53		 0 0 0 0 1 
45 92		0 0 0 0 1 
45 71		0 0 0 0 1 
46 42		 0 0 1 0 0 
46 88		 0 0 0 1 0 
46 -9999		 
46 -9999		 
46 -9999		 
46 -9999		 
46 -9999		 
46 -9999		 
46 -9999		 
46 -9999		 
47 35		 0 0 1 0 0 
47 55		 0 0 1 0 0 
47 86		 0 0 1 0 0 
47 65		 0 0 1 0 0 
47 63		 0 0 1 0 1 
47 45		 0 0 0 1 0 
47 -9999		 
47 -9999		 
47 -9999		 
47 -9999		 
48 3		 0 0 1 0 0 
48 20		 0 0 1 0 0 
48 21		 0 0 1 0 0 
48 53		 0 0 1 0 0 
48 7		 0 0 0 1 0 
48 34		 0 0 0 0 1 
48 57		 0 0 0 0 1 
48 -9999		 
48 -9999		 
48 -9999		 
49 79		 1 0 0 0 0 
49 14		 0 0 1 0 0 
49 8		 0 0 0 1 0 
49 20		 0 0 0 1 0 
49 22		 0 0 0 1 0 
49 70		 0 0 0 1 0 
49 19		 0 0 0 0 1 
49 42		 0 0 0 0 1 
49 -9999		 
49 -9999		 
50 24		 0 0 0 0 1 
50 93		 0 0 1 0 0 
50 42		 0 0 0 1 0 
50 52		 0 0 0 1 0 
50 32		 0 0 0 0 1 
50 -9999		 
50 -9999		 
50 -9999		 
50 -9999		 
50 -9999		 
51 29		 0 0 0 1 0 
51 85		 0 0 0 1 0 
51 24		 0 0 0 0 1 
51 41		 0 0 0 0 1 
51 98		 0 0 0 0 1 
51 -9999		 
51 -9999		 
51 -9999		 
51 -9999		 
51 -9999		 
52 63		 0 0 0 1 0 
52 19		 0 0 0 1 0 
52 50		 0 0 0 1 0 
52 99		 0 0 0 1 0 
52 92		 0 0 0 0 1 
52 -9999		 
52 -9999		 
52 -9999		 
52 -9999		 
52 -9999		 
53 61		 0 0 0 1 0 
53 27		 0 0 1 0 0 
53 48		 0 0 1 0 0 
53 100		 0 0 0 1 0 
53 76		 0 0 0 1 0 
53 45		 0 0 0 0 1 
53 -9999		 
53 -9999		 
53 -9999		 
53 -9999		 
54 18		 0 0 0 1 0 
54 2		 0 0 0 0 1 
54 94		 0 0 0 0 1 
54 -9999		 
54 -9999		 
54 -9999		 
54 -9999		 
54 -9999		 
54 -9999		 
54 -9999		 
55 59		 1 0 0 0 0 
55 45		 0 0 1 0 0 
55 47		 0 0 1 0 0 
55 90		 0 0 1 0 0 
55 12		 0 0 0 1 0 
55 75		 0 0 0 1 0 
55 44		 0 0 0 0 1 
55 -9999		 
55 -9999		 
55 -9999		 
56 -9999		 
56 6		 0 0 0 1 0 
56 44		 0 0 0 1 0 
56 84		 0 0 0 1 0 
56 79		 0 0 0 0 1 
56 -9999		 
56 -9999		 
56 -9999		 
56 -9999		 
56 -9999		 
57 76		 0 1 0 0 0 
57 36		 0 0 0 1 0 
57 19		 0 0 0 0 1 
57 48		 0 0 0 0 1 
57 96		 0 0 0 0 1 
57 -9999		 
57 -9999		 
57 -9999		 
57 -9999		 
57 -9999		 
58 34		 0 0 0 1 0 
58 38		 0 0 1 0 0 
58 84		 0 0 1 0 0 
58 86		 0 0 0 0 1 
58 -9999		 
58 -9999		 
58 -9999		 
58 -9999		 
58 -9999		 
58 -9999		 
59 82		 1 0 0 0 0 
59 89		 0 0 1 0 0 
59 93		 0 0 1 0 0 
59 83		 0 0 0 0 1 
59 99		 0 1 0 0 0 
59 55		 1 0 0 0 0 
59 1		 0 0 1 0 0 
59 36		 0 0 0 1 0 
59 100		 1 0 0 0 0 
59 24		 0 0 1 0 0 
59 34		0 0 0 0 1 
59 16		0 0 0 0 1 
60 21		 0 0 0 0 1 
60 35		 0 0 0 1 0 
60 -9999		 
60 -9999		 
60 -9999		 
60 -9999		 
60 -9999		 
60 -9999		 
60 -9999		 
60 -9999		 
61 64		 0 0 0 0 1 
61 79		 1 0 0 0 0 
61 9		 0 0 1 0 0 
61 29		 0 0 1 0 0 
61 70		 0 0 1 0 0 
61 34		 0 0 0 1 0 
61 53		 0 0 0 1 0 
61 97		 0 0 0 1 0 
61 62		 0 0 0 1 0 
61 77		 0 0 0 0 1 
61 82		0 0 0 0 1 
62 -9999		 
62 8		 0 0 1 0 0 
62 -9999		 
62 33		 0 0 1 0 0 
62 61		 0 0 0 1 0 
62 3		 0 0 0 0 1 
62 67		 0 0 0 0 1 
62 -9999		 
62 -9999		 
62 -9999		 
63 97		 0 1 0 0 0 
63 52		 0 0 0 1 0 
63 81		 0 0 0 1 0 
63 17		 0 0 1 0 0 
63 19		 0 0 0 0 1 
63 47		 0 0 1 0 1 
63 20		 0 0 0 0 1 
63 92		 0 0 0 1 0 
63 28		 0 0 1 0 0 
63 39		 0 1 0 0 0 
64 7		 0 0 1 0 0 
64 85		 0 0 1 0 0 
64 71		 0 0 1 0 0 
64 37		 0 0 0 1 0 
64 90		 0 0 0 1 0 
64 74		 0 0 0 1 0 
64 61		 0 0 0 0 1 
64 -9999		 
64 -9999		 
64 -9999		 
65 27		 1 0 0 0 0 
65 47		 0 0 1 0 0 
65 13		 0 0 0 1 0 
65 35		 0 0 0 1 1 
65 90		 0 0 0 1 0 
65 40		 0 0 0 0 1 
65 -9999		 
65 -9999		 
65 -9999		 
65 -9999		 
66 5		 0 0 0 0 1 
66 14		 0 0 0 0 1 
66 67		 0 0 0 0 1 
66 -9999		 
66 -9999		 
66 -9999		 
66 -9999		 
66 -9999		 
66 -9999		 
66 -9999		 
67 1		 0 0 0 1 0 
67 -9999		 
67 45		 0 0 1 0 0 
67 94		 0 0 1 0 0 
67 18		 0 0 0 1 0 
67 7		 0 0 0 0 1 
67 62		 0 0 0 0 1 
67 66		 0 0 0 0 1 
67 73		 0 0 0 0 1 
67 -9999		 
68 7		 0 0 1 0 0 
68 78		 0 0 1 0 0 
68 6		 0 0 0 1 0 
68 38		 0 0 0 1 0 
68 42		 0 0 0 1 0 
68 -9999		 
68 -9999		 
68 -9999		 
68 -9999		 
68 -9999		 
69 26		 0 0 1 0 0 
69 77		 0 0 0 1 0 
69 -9999		 
69 -9999		 
69 -9999		 
69 -9999		 
69 -9999		 
69 -9999		 
69 -9999		 
69 -9999		 
70 13		 0 0 1 0 0 
70 61		 0 0 1 0 0 
70 9		 0 0 0 1 0 
70 49		 0 0 0 1 0 
70 84		 0 0 0 0 1 
70 -9999		 
70 -9999		 
70 -9999		 
70 -9999		 
70 -9999		 
71 42		 0 1 0 0 0 
71 64		 0 0 1 0 0 
71 89		 0 0 1 0 0 
71 45		 0 0 0 0 1 
71 -9999		 
71 -9999		 
71 -9999		 
71 -9999		 
71 -9999		 
71 -9999		 
72 -9999		 
72 31		 0 0 1 0 0 
72 3		 0 0 0 1 0 
72 32		 0 0 0 1 0 
72 4		 0 0 0 0 1 
72 -9999		 
72 -9999		 
72 -9999		 
72 -9999		 
72 -9999		 
73 7		 0 0 1 0 0 
73 16		 0 0 1 0 0 
73 34		 0 0 1 0 0 
73 13		 0 0 0 0 1 
73 67		 0 0 0 0 1 
73 91		 0 0 0 0 1 
73 -9999		 
73 -9999		 
73 -9999		 
73 -9999		 
74 19		 0 0 1 0 0 
74 21		 0 0 1 0 0 
74 7		 0 0 0 1 0 
74 64		 0 0 0 1 0 
74 26		 0 0 0 0 1 
74 -9999		 
74 -9999		 
74 -9999		 
74 -9999		 
74 -9999		 
75 55		 0 0 0 1 0 
75 35		 0 0 0 0 1 
75 -9999		 
75 -9999		 
75 -9999		 
75 -9999		 
75 -9999		 
75 -9999		 
75 -9999		 
75 -9999		 
76 6		 0 1 0 1 1 
76 57		 0 1 0 0 0 
76 53		 0 0 0 1 0 
76 90		 0 0 0 0 1 
76 98		 0 0 1 0 0 
76 94		 0 0 1 0 0 
76 4		 0 0 0 0 1 
76 -9999		 
76 -9999		 
76 42		 0 1 0 0 0 
77 8		 0 0 0 1 0 
77 24		 0 0 1 0 0 
77 95		 0 0 1 0 0 
77 69		 0 0 0 1 0 
77 84		 0 0 0 1 0 
77 90		 0 0 0 1 0 
77 3		 0 0 0 0 1 
77 42		 0 0 0 0 1 
77 61		 0 0 0 0 1 
77 -9999		 
78 14		 0 0 1 0 0 
78 68		 0 0 1 0 0 
78 15		 0 0 0 1 0 
78 31		 0 0 0 1 0 
78 36		 0 0 0 1 0 
78 92		 0 0 0 0 1 
78 -9999		 
78 -9999		 
78 -9999		 
78 -9999		 
79 98		 0 1 0 0 0 
79 26		 0 0 1 0 0 
79 87		 1 1 0 0 0 
79 83		 0 0 1 0 0 
79 89		 1 0 0 0 0 
79 61		 1 0 0 0 0 
79 49		 1 0 0 0 0 
79 27		 0 0 0 1 0 
79 23		 0 0 0 1 0 
79 56		 0 0 0 0 1 
79 45		0 0 0 0 1 
79 42		0 0 1 0 0 
79 19		0 1 0 0 0 
79 18		0 1 0 0 0 
79 7		0 1 0 0 0 
79 35		1 0 0 0 0 
80 -9999		 
80 1		 0 0 0 1 0 
80 6		 0 0 0 1 0 
80 -9999		 
80 -9999		 
80 -9999		 
80 -9999		 
80 -9999		 
80 -9999		 
80 -9999		 
81 27		 0 0 1 0 0 
81 82		 0 0 1 0 0 
81 91		 0 0 1 0 0 
81 37		 0 0 0 1 0 
81 40		 0 0 0 1 1 
81 41		 0 0 0 1 0 
81 63		 0 0 0 1 0 
81 97		 0 0 0 1 0 
81 83		 0 0 0 0 1 
81 -9999		 
82 59		 1 0 0 0 0 
82 15		 0 0 1 0 0 
82 81		 0 0 1 0 0 
82 36		 0 0 0 0 1 
82 61		 0 0 0 0 1 
82 -9999		 
82 -9999		 
82 -9999		 
82 -9999		 
82 -9999		 
83 27		 1 0 0 0 0 
83 17		 0 0 1 0 0 
83 79		 0 0 1 0 0 
83 3		 0 0 0 1 0 
83 12		 0 0 0 1 0 
83 100		 0 0 0 1 0 
83 15		 0 0 0 0 1 
83 38		 0 0 0 0 1 
83 59		 0 0 0 0 1 
83 81		 0 0 0 0 1 
84 58		 0 0 1 0 0 
84 96		 0 0 1 0 1 
84 37		 0 0 0 1 0 
84 56		 0 0 0 1 0 
84 77		 0 0 0 1 0 
84 70		 0 0 0 0 1 
84 92		 0 0 0 0 1 
84 -9999		 
84 -9999		 
84 -9999		 
85 27		 0 0 1 0 0 
85 64		 0 0 1 0 0 
85 97		 0 0 1 0 0 
85 7		 0 0 0 1 0 
85 51		 0 0 0 1 0 
85 17		 0 0 0 0 1 
85 33		 0 0 0 0 1 
85 -9999		 
85 -9999		 
85 -9999		 
86 1		 0 0 1 0 0 
86 47		 0 0 1 0 0 
86 12		 0 0 0 0 1 
86 58		 0 0 0 0 1 
86 91		 0 0 0 0 1 
86 -9999		 
86 -9999		 
86 -9999		 
86 -9999		 
86 -9999		 
87 -9999		 
87 79		 1 1 0 0 0 
87 38		 0 0 1 0 0 
87 6		 0 0 0 0 1 
87 -9999		 
87 -9999		 
87 -9999		 
87 -9999		 
87 -9999		 
87 -9999		 
88 13		 0 0 0 1 0 
88 34		 0 0 0 1 0 
88 46		 0 0 0 1 0 
88 -9999		 
88 -9999		 
88 -9999		 
88 -9999		 
88 -9999		 
88 -9999		 
88 -9999		 
89 79		 1 0 0 0 0 
89 59		 0 0 1 0 0 
89 71		 0 0 1 0 0 
89 8		 0 0 0 1 0 
89 18		 0 0 0 0 1 
89 24		 0 0 0 0 1 
89 -9999		 
89 -9999		 
89 -9999		 
89 -9999		 
90 26		 0 0 1 0 0 
90 29		 0 0 1 0 0 
90 55		 0 0 1 0 0 
90 93		 0 0 1 0 0 
90 64		 0 0 0 1 0 
90 65		 0 0 0 1 0 
90 77		 0 0 0 1 0 
90 76		 0 0 0 0 1 
90 97		 0 0 0 0 1 
90 -9999		 
91 44		 0 0 1 0 0 
91 81		 0 0 1 0 0 
91 14		 0 0 0 1 1 
91 6		 0 0 0 0 1 
91 73		 0 0 0 0 1 
91 86		 0 0 0 0 1 
91 -9999		 
91 -9999		 
91 -9999		 
91 -9999		 
92 23		 0 0 0 0 1 
92 8		 0 0 1 0 1 
92 3		 0 0 0 1 0 
92 63		 0 0 0 1 0 
92 93		 0 0 0 1 0 
92 45		 0 0 0 0 1 
92 52		 0 0 0 0 1 
92 78		 0 0 0 0 1 
92 84		 0 0 0 0 1 
92 -9999		 
93 37		 0 0 0 0 1 
93 5		 0 0 1 0 0 
93 19		 0 0 1 0 0 
93 23		 0 0 1 0 0 
93 50		 0 0 1 0 0 
93 59		 0 0 1 0 0 
93 90		 0 0 1 0 0 
93 26		 0 0 0 1 0 
93 92		 0 0 0 1 0 
93 -9999		 
94 67		 0 0 1 0 0 
94 76		 0 0 1 0 0 
94 99		 0 0 1 0 0 
94 30		 0 0 0 1 0 
94 45		 0 0 0 1 0 
94 2		 0 0 0 0 1 
94 54		 0 0 0 0 1 
94 -9999		 
94 -9999		 
94 -9999		 
95 41		 0 0 1 0 0 
95 77		 0 0 1 0 0 
95 -9999		 
95 -9999		 
95 -9999		 
95 -9999		 
95 -9999		 
95 -9999		 
95 -9999		 
95 -9999		 
96 28		 0 0 1 0 0 
96 84		 0 0 1 0 1 
96 31		 0 0 0 1 0 
96 41		 0 0 0 1 0 
96 57		 0 0 0 0 1 
96 99		 0 0 0 0 1 
96 -9999		 
96 -9999		 
96 -9999		 
96 -9999		 
97 63		 0 1 0 0 0 
97 3		 0 0 1 0 0 
97 85		 0 0 1 0 0 
97 61		 0 0 0 1 0 
97 81		 0 0 0 1 0 
97 90		 0 0 0 0 1 
97 -9999		 
97 -9999		 
97 -9999		 
97 -9999		 
98 79		 0 1 0 0 0 
98 31		 0 0 1 0 0 
98 76		 0 0 1 0 0 
98 11		 0 0 0 1 0 
98 30		 0 0 0 1 0 
98 34		 0 0 0 1 0 
98 51		 0 0 0 0 1 
98 -9999		 
98 -9999		 
98 -9999		 
99 59		 0 1 0 0 0 
99 94		 0 0 1 0 0 
99 52		 0 0 0 1 0 
99 96		 0 0 0 0 1 
99 -9999		 
99 -9999		 
99 -9999		 
99 -9999		 
99 -9999		 
99 -9999		 
100 32		 0 0 0 0 1 
100 38		 0 0 1 0 0 
100 29		 0 0 0 0 1 
100 23		 0 1 0 0 0 
100 33		 0 1 0 0 0 
100 83		 0 0 0 1 0 
100 53		 0 0 0 1 0 
100 16		 0 0 0 0 1 
100 37		 0 0 0 1 0 
100 59		 1 0 0 0 0 
100 41		0 0 0 1 0 
