1 10		 0 0 1 0 0 
1 69		 0 0 1 0 0 
1 41		 0 0 1 0 0 
1 48		 0 1 0 0 0 
1 99		 1 0 0 0 0 
1 72		 1 0 0 0 0 
1 20		 0 0 0 0 1 
1 39		 0 0 1 0 0 
1 -9999		 
1 -9999		 
2 35		 0 0 0 1 0 
2 95		 1 0 0 0 0 
2 -9999		 
2 -9999		 
2 -9999		 
2 -9999		 
2 -9999		 
2 64		 0 1 0 0 0 
2 12		 0 1 0 0 0 
2 -9999		 
3 17		 0 0 1 0 0 
3 63		 0 0 1 0 0 
3 42		 0 0 0 1 0 
3 38		 0 1 0 0 0 
3 -9999		 
3 -9999		 
3 59		 0 0 0 0 1 
3 37		 0 0 0 0 1 
3 -9999		 
3 -9999		 
4 74		 0 0 0 1 0 
4 78		 0 0 0 1 0 
4 56		 0 0 0 0 1 
4 55		 0 0 0 0 1 
4 11		 0 0 0 0 1 
4 37		 0 0 0 1 0 
4 60		 1 0 0 0 0 
4 29		 1 0 0 0 0 
4 49		 0 1 0 0 0 
4 89		 0 1 0 0 0 
4 43		0 0 0 1 0 
4 6		0 0 1 0 0 
4 52		0 1 0 0 0 
5 73		 1 0 0 0 0 
5 13		 0 0 0 1 0 
5 82		 0 0 0 0 1 
5 99		 0 0 0 0 1 
5 -9999		 
5 65		 1 0 0 0 0 
5 33		 0 1 0 0 0 
5 42		 0 1 0 0 0 
5 16		 0 1 0 0 0 
5 58		 0 0 1 0 0 
6 72		 0 0 0 0 1 
6 75		 0 0 0 0 1 
6 97		 1 0 1 0 0 
6 4		 0 0 1 0 0 
6 57		 0 0 0 1 0 
6 95		 0 0 0 1 0 
6 13		 0 0 0 1 0 
6 21		 0 0 0 0 1 
6 69		 0 1 0 0 0 
6 55		 0 1 0 0 0 
6 35		0 0 0 0 1 
7 83		 0 1 0 0 0 
7 72		 0 0 1 0 0 
7 88		 0 0 0 1 0 
7 84		 0 1 0 0 0 
7 -9999		 
7 28		 0 0 0 1 0 
7 60		 0 0 0 1 0 
7 80		 0 0 0 0 1 
7 -9999		 
7 -9999		 
8 71		 0 0 0 0 1 
8 88		 1 0 0 0 0 
8 63		 0 1 0 0 0 
8 22		 1 0 0 0 0 
8 100		 0 1 0 0 0 
8 48		 0 0 0 1 0 
8 76		 0 0 0 1 0 
8 89		 0 0 0 1 0 
8 30		 1 0 0 0 0 
8 -9999		 
9 75		 0 0 0 0 1 
9 58		 0 0 0 1 0 
9 69		 0 0 0 1 0 
9 39		 0 0 1 0 0 
9 16		 0 0 0 1 0 
9 13		 0 0 0 0 1 
9 84		 1 0 0 0 0 
9 60		 1 0 0 0 0 
9 -9999		 
9 -9999		 
10 37		 1 0 0 0 0 
10 38		 0 0 1 0 0 
10 69		 0 0 1 0 0 
10 63		 0 0 0 1 0 
10 18		 0 0 0 0 1 
10 60		 1 0 0 0 1 
10 77		 0 0 0 0 1 
10 88		 0 0 0 0 1 
10 32		 0 1 0 0 0 
10 61		 0 1 0 0 0 
10 57		0 0 0 1 0 
10 79		0 0 1 0 0 
10 65		0 0 1 0 0 
10 1		0 0 1 0 0 
10 84		0 1 0 0 0 
11 4		 0 0 0 0 1 
11 66		 0 0 0 0 1 
11 34		 1 0 0 0 0 
11 93		 1 0 0 0 0 
11 64		 1 0 0 0 0 
11 35		 1 0 0 0 0 
11 96		 0 1 0 0 0 
11 70		 0 1 0 0 0 
11 84		 0 1 0 0 0 
11 97		 0 0 1 0 0 
12 32		 1 0 0 0 0 
12 -9999		 
12 2		 0 1 0 0 0 
12 -9999		 
12 -9999		 
12 -9999		 
12 61		 0 1 0 0 0 
12 22		 0 0 1 0 0 
12 66		 0 0 0 1 0 
12 29		 0 0 0 1 0 
13 18		 0 0 1 0 0 
13 5		 0 0 0 1 0 
13 6		 0 0 0 1 0 
13 9		 0 0 0 0 1 
13 57		 0 0 0 0 1 
13 98		 1 0 0 0 0 
13 77		 1 0 0 0 0 
13 54		 1 0 0 0 0 
13 66		 0 0 0 1 0 
13 87		 0 0 0 1 0 
13 93		1 0 0 0 0 
14 83		 0 0 1 0 0 
14 72		 0 0 1 0 0 
14 59		 0 0 1 0 0 
14 64		 0 1 0 0 0 
14 90		 0 0 0 0 1 
14 49		 0 0 0 1 0 
14 82		 0 1 0 0 0 
14 88		 1 0 0 0 0 
14 66		 1 0 0 0 0 
14 73		 0 1 0 0 0 
14 63		1 0 0 0 0 
14 70		1 0 0 0 0 
15 47		 0 0 1 0 0 
15 18		 1 0 0 0 0 
15 69		 0 1 0 0 0 
15 43		 0 0 0 1 0 
15 89		 0 0 0 1 0 
15 42		 1 0 0 1 0 
15 57		 0 0 0 0 1 
15 52		 0 0 0 1 0 
15 60		 1 0 0 0 0 
15 72		 0 1 0 0 0 
16 24		 0 0 0 0 1 
16 9		 0 0 0 1 0 
16 60		 0 0 0 1 0 
16 25		 0 0 0 0 1 
16 43		 1 0 0 0 0 
16 5		 0 1 0 0 0 
16 42		 0 1 1 0 0 
16 79		 0 1 0 0 0 
16 61		 0 0 1 0 0 
16 20		 0 0 1 0 0 
16 56		0 0 0 0 1 
17 61		 0 0 1 0 0 
17 52		 0 0 1 0 1 
17 3		 0 0 1 0 0 
17 64		 0 0 0 0 1 
17 72		 1 0 0 0 0 
17 32		 0 0 0 0 1 
17 30		 0 0 0 0 1 
17 51		 0 0 0 0 1 
17 91		 0 0 0 1 0 
17 43		 0 0 0 1 0 
17 18		0 0 0 1 0 
17 56		0 1 0 0 0 
17 76		0 1 0 0 0 
18 64		 0 0 0 0 1 
18 58		 0 1 0 0 0 
18 13		 0 0 1 0 0 
18 88		 0 0 0 1 0 
18 17		 0 0 0 1 0 
18 10		 0 0 0 0 1 
18 15		 1 0 0 0 0 
18 78		 0 1 0 0 0 
18 43		 0 1 0 0 0 
18 80		 0 1 0 0 0 
18 79		1 0 0 0 0 
19 -9999		 
19 25		 0 0 1 1 0 
19 77		 0 1 0 0 0 
19 50		 0 0 1 0 0 
19 -9999		 
19 -9999		 
19 69		 0 0 0 1 0 
19 -9999		 
19 -9999		 
19 -9999		 
20 52		 0 0 1 0 0 
20 28		 0 0 1 0 0 
20 37		 0 0 1 0 0 
20 49		 0 0 0 1 0 
20 95		 0 0 0 0 1 
20 1		 0 0 0 0 1 
20 16		 0 0 1 0 0 
20 79		 1 0 0 0 0 
20 35		 0 1 0 0 0 
20 88		 1 1 0 0 0 
20 63		1 0 0 0 0 
20 59		1 0 0 0 0 
20 27		1 0 0 0 0 
20 33		0 1 0 0 0 
21 70		 0 0 0 1 0 
21 46		 0 0 0 1 0 
21 58		 0 0 0 1 0 
21 6		 0 0 0 0 1 
21 92		 0 0 0 0 1 
21 56		 1 0 0 0 0 
21 38		 1 0 0 0 0 
21 32		 0 0 0 0 1 
21 50		 0 0 0 0 1 
21 41		 0 0 0 0 1 
22 68		 0 0 0 1 0 
22 99		 0 0 0 0 1 
22 64		 0 0 0 0 1 
22 8		 1 0 0 0 0 
22 57		 1 0 0 0 0 
22 97		 0 1 0 0 0 
22 12		 0 0 1 0 0 
22 100		 0 0 1 0 0 
22 76		 0 0 1 0 0 
22 71		 0 0 0 0 1 
22 92		1 0 0 0 0 
22 28		1 0 0 0 0 
23 35		 0 1 0 0 0 
23 34		 0 1 0 0 0 
23 71		 0 0 1 0 0 
23 24		 0 0 1 0 0 
23 36		 0 0 0 1 0 
23 44		 0 0 0 1 0 
23 100		 0 0 0 0 1 
23 26		 1 0 0 0 0 
23 -9999		 
23 -9999		 
24 29		 0 0 1 0 0 
24 71		 0 0 1 0 0 
24 35		 0 0 1 0 0 
24 23		 0 0 1 0 0 
24 16		 0 0 0 0 1 
24 92		 1 0 0 0 0 
24 -9999		 
24 -9999		 
24 -9999		 
24 87		 0 1 0 0 0 
25 62		 0 0 0 1 0 
25 57		 0 0 0 0 1 
25 63		 1 0 0 0 0 
25 16		 0 0 0 0 1 
25 36		 0 1 0 0 0 
25 19		 0 0 1 1 0 
25 85		 0 0 1 0 0 
25 84		 0 0 1 0 0 
25 97		 0 0 1 0 0 
25 30		 0 0 0 1 0 
25 80		0 0 0 1 0 
25 39		0 0 0 1 0 
26 95		 0 1 0 0 0 
26 -9999		 
26 -9999		 
26 -9999		 
26 75		 0 0 0 1 0 
26 23		 1 0 0 0 0 
26 -9999		 
26 -9999		 
26 -9999		 
26 -9999		 
27 46		 0 1 0 0 0 
27 20		 1 0 0 0 0 
27 -9999		 
27 80		 0 0 1 0 0 
27 68		 0 1 0 0 0 
27 -9999		 
27 40		 1 0 0 0 0 
27 97		 1 0 0 0 0 
27 60		 1 0 0 0 0 
27 -9999		 
28 7		 0 0 0 1 0 
28 63		 0 0 0 0 1 
28 22		 1 0 0 0 0 
28 -9999		 
28 -9999		 
28 56		 0 1 0 0 0 
28 20		 0 0 1 0 0 
28 41		 0 0 1 0 0 
28 82		 1 0 0 0 0 
28 -9999		 
29 12		 0 0 0 1 0 
29 38		 0 0 0 0 1 
29 92		 0 0 0 0 1 
29 4		 1 0 0 0 0 
29 66		 1 0 0 0 0 
29 36		 1 0 0 0 0 
29 68		 0 1 0 0 0 
29 24		 0 0 1 0 0 
29 45		 0 0 0 0 1 
29 39		 0 0 0 0 1 
30 25		 0 0 0 1 0 
30 17		 0 0 0 0 1 
30 73		 0 0 0 0 1 
30 8		 1 0 0 0 0 
30 71		 1 0 0 0 0 
30 -9999		 
30 42		 0 1 0 0 0 
30 100		 0 1 0 0 0 
30 66		 0 1 0 0 0 
30 39		 0 0 0 0 1 
31 99		 0 0 0 1 0 
31 34		 0 0 0 1 0 
31 60		 0 0 0 0 1 
31 -9999		 
31 -9999		 
31 -9999		 
31 -9999		 
31 41		 0 1 0 0 0 
31 64		 0 0 1 0 0 
31 40		 0 0 1 0 0 
32 17		 0 0 0 0 1 
32 47		 0 1 0 0 0 
32 -9999		 
32 56		 0 1 0 0 0 
32 21		 0 0 0 0 1 
32 86		 0 0 0 0 1 
32 12		 1 0 0 0 0 
32 -9999		 
32 -9999		 
32 10		 0 1 0 0 0 
33 60		 0 0 0 0 1 
33 51		 0 0 0 0 1 
33 36		 1 0 0 0 0 
33 83		 1 0 0 0 0 
33 72		 1 0 0 0 0 
33 97		 1 0 0 0 0 
33 5		 0 1 0 0 0 
33 20		 0 1 0 0 0 
33 90		 0 1 0 0 0 
33 -9999		 
34 44		 0 0 0 0 1 
34 69		 0 1 0 0 0 
34 76		 0 0 0 1 0 
34 31		 0 0 0 1 0 
34 85		 0 1 0 0 0 
34 23		 0 1 0 0 0 
34 88		 1 0 0 0 0 
34 71		 0 0 0 0 1 
34 -9999		 
34 11		 1 0 0 0 0 
35 87		 1 0 0 0 0 
35 24		 0 0 1 0 0 
35 23		 0 1 0 0 0 
35 68		 0 0 0 1 0 
35 57		 0 0 0 1 0 
35 58		 0 0 0 0 1 
35 54		 0 0 0 0 1 
35 98		 1 0 0 0 0 
35 11		 1 0 0 0 0 
35 6		 0 0 0 0 1 
35 94		0 0 0 1 0 
35 2		0 0 0 1 0 
35 20		0 1 0 0 0 
36 29		 1 0 0 0 0 
36 23		 0 0 0 1 0 
36 33		 1 0 0 0 0 
36 42		 1 0 0 0 0 
36 49		 1 0 0 0 0 
36 -9999		 
36 -9999		 
36 -9999		 
36 25		 0 1 0 0 0 
36 94		 0 1 0 0 0 
37 96		 1 0 1 0 0 
37 20		 0 0 1 0 0 
37 50		 0 0 0 0 1 
37 46		 1 0 0 0 0 
37 47		 0 0 0 0 1 
37 79		 0 1 0 0 0 
37 57		 0 0 0 1 0 
37 98		 0 0 0 1 0 
37 49		 0 0 0 1 0 
37 84		 0 0 0 1 0 
37 10		1 0 0 0 0 
37 3		0 0 0 0 1 
37 39		0 0 0 1 0 
37 69		0 0 0 1 0 
37 4		0 0 0 1 0 
37 55		0 1 0 0 0 
38 10		 0 0 1 0 0 
38 93		 0 0 1 0 0 
38 85		 0 0 1 0 0 
38 65		 0 0 1 0 0 
38 97		 0 1 0 0 0 
38 49		 0 0 0 1 0 
38 86		 0 0 0 0 1 
38 29		 0 0 0 0 1 
38 71		 0 0 0 1 0 
38 57		 1 0 0 0 0 
38 46		1 0 0 0 0 
38 21		1 0 0 0 0 
38 3		0 1 0 0 0 
39 9		 0 0 1 0 0 
39 59		 0 0 1 0 0 
39 63		 0 0 0 0 1 
39 30		 0 0 0 0 1 
39 1		 0 0 1 0 0 
39 85		 1 0 0 0 0 
39 29		 0 0 0 0 1 
39 97		 0 0 0 1 0 
39 89		 0 1 0 0 0 
39 69		 0 0 1 0 0 
39 37		0 0 0 1 0 
39 25		0 0 0 1 0 
39 48		0 0 1 0 0 
40 -9999		 
40 -9999		 
40 50		 0 0 0 0 1 
40 93		 0 0 0 0 1 
40 60		 0 0 0 1 0 
40 27		 1 0 0 0 0 
40 71		 0 1 0 0 0 
40 51		 0 1 1 0 0 
40 31		 0 0 1 0 0 
40 77		 0 0 1 0 0 
41 51		 0 0 1 0 0 
41 28		 0 0 1 0 0 
41 1		 0 0 1 0 0 
41 72		 0 0 0 1 0 
41 57		 0 1 0 0 0 
41 69		 0 1 0 0 0 
41 21		 0 0 0 0 1 
41 59		 1 0 0 0 0 
41 -9999		 
41 31		 0 1 0 0 0 
42 46		 0 1 0 0 0 
42 71		 0 0 1 0 0 
42 97		 0 0 0 1 0 
42 15		 1 0 0 1 0 
42 80		 0 0 1 0 0 
42 3		 0 0 0 1 0 
42 30		 0 1 0 0 0 
42 16		 0 1 1 0 0 
42 5		 0 1 0 0 0 
42 89		 0 0 1 0 0 
42 36		1 0 0 0 0 
43 4		 0 0 0 1 0 
43 84		 0 0 0 0 1 
43 88		 1 0 0 0 0 
43 16		 1 0 0 0 0 
43 18		 0 1 0 0 0 
43 95		 0 1 0 0 0 
43 47		 0 0 1 0 0 
43 15		 0 0 0 1 0 
43 17		 0 0 0 1 0 
43 93		 0 0 0 1 0 
43 59		0 0 0 0 1 
43 64		0 0 0 0 1 
43 52		0 0 0 0 1 
43 90		0 0 0 1 0 
44 73		 0 0 0 1 0 
44 88		 0 0 1 0 0 
44 91		 0 0 1 0 0 
44 53		 0 0 0 0 1 
44 34		 0 0 0 0 1 
44 23		 0 0 0 1 0 
44 84		 1 0 0 0 0 
44 100		 0 0 1 0 0 
44 89		 0 0 1 0 0 
44 94		 0 1 0 0 0 
44 58		0 1 0 0 0 
44 62		0 1 0 0 1 
45 62		 0 0 1 0 0 
45 29		 0 0 0 0 1 
45 -9999		 
45 67		 0 0 1 0 0 
45 -9999		 
45 75		 0 0 0 0 1 
45 -9999		 
45 -9999		 
45 -9999		 
45 53		 0 0 0 1 0 
46 42		 0 1 0 0 0 
46 56		 0 0 0 0 1 
46 38		 1 0 0 0 0 
46 -9999		 
46 -9999		 
46 27		 0 1 0 0 0 
46 49		 0 1 0 0 0 
46 21		 0 0 0 1 0 
46 95		 0 0 0 0 1 
46 37		 1 0 0 0 0 
47 59		 0 0 1 0 0 
47 37		 0 0 0 0 1 
47 89		 0 0 0 0 1 
47 52		 1 0 0 0 0 
47 -9999		 
47 -9999		 
47 -9999		 
47 32		 0 1 0 0 0 
47 15		 0 0 1 0 0 
47 43		 0 0 1 0 0 
48 91		 0 0 1 1 0 
48 49		 0 0 1 0 0 
48 84		 0 0 1 0 0 
48 39		 0 0 1 0 0 
48 50		 0 0 0 1 0 
48 77		 0 0 0 1 0 
48 74		 0 0 0 1 0 
48 69		 1 0 0 0 0 
48 8		 0 0 0 1 0 
48 83		 0 1 0 0 0 
48 1		0 1 0 0 0 
49 94		 1 0 0 0 0 
49 48		 0 0 1 0 0 
49 38		 0 0 0 1 0 
49 20		 0 0 0 1 0 
49 37		 0 0 0 1 0 
49 14		 0 0 0 1 0 
49 58		 0 1 0 0 0 
49 78		 0 1 0 0 0 
49 100		 1 0 0 0 0 
49 36		 1 0 0 0 0 
49 88		0 1 0 0 0 
49 46		0 1 0 0 0 
49 4		0 1 0 0 0 
50 52		 0 0 0 0 1 
50 48		 0 0 0 1 0 
50 21		 0 0 0 0 1 
50 37		 0 0 0 0 1 
50 95		 0 0 0 0 1 
50 85		 1 0 0 0 0 
50 60		 0 1 0 0 1 
50 57		 0 1 0 0 0 
50 19		 0 0 1 0 0 
50 40		 0 0 0 0 1 
50 72		1 0 0 0 0 
50 54		1 0 0 0 0 
50 82		0 0 0 0 1 
51 59		 0 0 0 1 0 
51 93		 0 0 0 1 0 
51 99		 0 0 0 0 1 
51 41		 0 0 1 0 0 
51 33		 0 0 0 0 1 
51 96		 1 0 0 0 0 
51 17		 0 0 0 0 1 
51 -9999		 
51 40		 0 1 1 0 0 
51 76		 0 0 0 1 0 
52 71		 0 0 0 1 0 
52 15		 0 0 0 1 0 
52 20		 0 0 1 0 0 
52 43		 0 0 0 0 1 
52 50		 0 0 0 0 1 
52 93		 1 0 0 0 0 
52 67		 0 0 0 1 0 
52 69		 1 0 0 0 0 
52 4		 0 1 0 0 0 
52 17		 0 0 1 0 1 
52 47		1 0 0 0 0 
53 44		 0 0 0 0 1 
53 -9999		 
53 -9999		 
53 -9999		 
53 -9999		 
53 45		 0 0 0 1 0 
53 -9999		 
53 84		 0 0 0 0 1 
53 -9999		 
53 83		 0 0 1 0 0 
54 35		 0 0 0 0 1 
54 13		 1 0 0 0 0 
54 94		 0 0 1 0 0 
54 82		 1 0 0 0 0 
54 50		 1 0 0 0 0 
54 -9999		 
54 -9999		 
54 80		 0 1 0 0 0 
54 93		 0 1 0 0 0 
54 89		 0 0 1 0 0 
55 6		 0 1 0 0 0 
55 96		 0 0 1 0 0 
55 71		 0 0 0 1 0 
55 56		 0 0 0 1 0 
55 63		 0 0 0 1 0 
55 4		 0 0 0 0 1 
55 -9999		 
55 -9999		 
55 -9999		 
55 37		 0 1 0 0 0 
56 21		 1 0 0 0 0 
56 93		 0 0 0 1 0 
56 55		 0 0 0 1 0 
56 69		 0 0 1 0 0 
56 92		 0 0 0 0 1 
56 17		 0 1 0 0 0 
56 28		 0 1 0 0 0 
56 32		 0 1 0 0 0 
56 65		 0 1 0 0 0 
56 85		 0 1 0 0 0 
56 46		0 0 0 0 1 
56 16		0 0 0 0 1 
56 4		0 0 0 0 1 
56 87		0 0 1 0 0 
57 6		 0 0 0 1 0 
57 78		 0 0 0 1 0 
57 25		 0 0 0 0 1 
57 15		 0 0 0 0 1 
57 13		 0 0 0 0 1 
57 61		 1 0 0 0 0 
57 91		 1 0 0 0 0 
57 41		 0 1 0 0 0 
57 50		 0 1 0 0 0 
57 10		 0 0 0 1 0 
57 38		1 0 0 0 0 
57 22		1 0 0 0 0 
57 37		0 0 0 1 0 
57 35		0 0 0 1 0 
58 35		 0 0 0 0 1 
58 9		 0 0 0 1 0 
58 21		 0 0 0 1 0 
58 86		 1 0 0 0 0 
58 -9999		 
58 18		 0 1 0 0 0 
58 44		 0 1 0 0 0 
58 49		 0 1 0 0 0 
58 5		 0 0 1 0 0 
58 -9999		 
59 41		 1 0 0 0 0 
59 92		 0 0 1 0 0 
59 74		 0 0 1 0 0 
59 90		 0 0 0 0 1 
59 91		 0 1 0 0 0 
59 43		 0 0 0 0 1 
59 47		 0 0 1 0 0 
59 51		 0 0 0 1 0 
59 3		 0 0 0 0 1 
59 39		 0 0 1 0 0 
59 20		1 0 0 0 0 
59 14		0 0 1 0 0 
60 33		 0 0 0 0 1 
60 10		 1 0 0 0 1 
60 50		 0 1 0 0 1 
60 76		 0 1 0 0 0 
60 69		 0 0 1 0 0 
60 93		 0 0 1 0 0 
60 7		 0 0 0 1 0 
60 16		 0 0 0 1 0 
60 40		 0 0 0 1 0 
60 83		 0 0 0 1 0 
60 27		1 0 0 0 0 
60 15		1 0 0 0 0 
60 9		1 0 0 0 0 
60 4		1 0 0 0 0 
60 31		0 0 0 0 1 
61 57		 1 0 0 0 0 
61 71		 1 0 0 0 0 
61 84		 0 0 1 1 0 
61 17		 0 0 1 0 0 
61 16		 0 0 1 0 0 
61 78		 0 1 0 0 0 
61 12		 0 1 0 0 0 
61 10		 0 1 0 0 0 
61 -9999		 
61 -9999		 
62 -9999		 
62 25		 0 0 0 1 0 
62 -9999		 
62 -9999		 
62 -9999		 
62 -9999		 
62 -9999		 
62 44		 0 1 0 0 1 
62 45		 0 0 1 0 0 
62 -9999		 
63 70		 0 1 0 0 0 
63 93		 0 0 0 1 0 
63 55		 0 0 0 1 0 
63 87		 0 0 1 0 0 
63 39		 0 0 0 0 1 
63 28		 0 0 0 0 1 
63 3		 0 0 1 0 0 
63 10		 0 0 0 1 0 
63 75		 0 0 1 0 0 
63 8		 0 1 0 0 0 
63 25		1 0 0 0 0 
63 20		1 0 0 0 0 
63 14		1 0 0 0 0 
64 17		 0 0 0 0 1 
64 18		 0 0 0 0 1 
64 22		 0 0 0 0 1 
64 43		 0 0 0 0 1 
64 66		 0 0 0 0 1 
64 86		 0 0 0 0 1 
64 11		 1 0 0 0 0 
64 2		 0 1 0 0 0 
64 14		 0 1 0 0 0 
64 31		 0 0 1 0 0 
64 68		1 0 0 0 0 
64 76		1 0 0 0 0 
64 87		1 0 0 0 0 
65 56		 0 1 0 0 0 
65 67		 0 0 1 0 0 
65 5		 1 0 0 0 0 
65 -9999		 
65 -9999		 
65 -9999		 
65 -9999		 
65 76		 0 1 0 0 0 
65 10		 0 0 1 0 0 
65 38		 0 0 1 0 0 
66 73		 0 0 0 0 1 
66 64		 0 0 0 0 1 
66 11		 0 0 0 0 1 
66 29		 1 0 0 0 0 
66 14		 1 0 0 0 0 
66 94		 0 0 0 1 0 
66 30		 0 1 0 0 0 
66 96		 0 0 1 0 0 
66 12		 0 0 0 1 0 
66 13		 0 0 0 1 0 
66 79		0 0 0 1 0 
66 97		1 0 0 1 0 
67 65		 0 0 1 0 0 
67 52		 0 0 0 1 0 
67 45		 0 0 1 0 0 
67 100		 0 0 1 0 0 
67 74		 0 0 0 0 1 
67 86		 0 0 0 0 1 
67 -9999		 
67 -9999		 
67 -9999		 
67 95		 0 1 0 0 0 
68 22		 0 0 0 1 0 
68 35		 0 0 0 1 0 
68 90		 0 0 0 1 0 
68 64		 1 0 0 0 0 
68 -9999		 
68 -9999		 
68 27		 0 1 0 0 0 
68 29		 0 1 0 0 0 
68 81		 0 1 0 0 0 
68 72		 0 0 0 1 0 
69 99		 0 0 1 0 0 
69 37		 0 0 0 1 0 
69 6		 0 1 0 0 0 
69 88		 1 0 0 0 0 
69 15		 0 1 0 0 0 
69 34		 0 1 0 0 0 
69 41		 0 1 0 0 0 
69 1		 0 0 1 0 0 
69 10		 0 0 1 0 0 
69 39		 0 0 1 0 0 
69 52		1 0 0 0 0 
69 48		1 0 0 0 0 
69 98		0 0 0 0 1 
69 19		0 0 0 1 0 
69 9		0 0 0 1 0 
69 100		0 0 1 0 0 
69 60		0 0 1 0 0 
69 56		0 0 1 0 0 
70 21		 0 0 0 1 0 
70 75		 0 0 0 1 0 
70 14		 1 0 0 0 0 
70 -9999		 
70 -9999		 
70 -9999		 
70 -9999		 
70 11		 0 1 0 0 0 
70 63		 0 1 0 0 0 
70 80		 0 0 1 0 0 
71 23		 0 0 1 0 0 
71 73		 0 0 1 0 0 
71 38		 0 0 0 1 0 
71 34		 0 0 0 0 1 
71 61		 1 0 0 0 0 
71 30		 1 0 0 0 0 
71 22		 0 0 0 0 1 
71 40		 0 1 0 0 0 
71 24		 0 0 1 0 0 
71 42		 0 0 1 0 0 
71 8		0 0 0 0 1 
71 98		0 0 0 1 0 
71 82		0 0 0 1 0 
71 55		0 0 0 1 0 
71 52		0 0 0 1 0 
72 82		 1 0 0 0 0 
72 41		 0 0 0 1 0 
72 77		 0 0 0 1 0 
72 6		 0 0 0 0 1 
72 1		 1 0 0 0 0 
72 50		 1 0 0 0 0 
72 15		 0 1 0 0 0 
72 7		 0 0 1 0 0 
72 14		 0 0 1 0 0 
72 68		 0 0 0 1 0 
72 33		1 0 0 0 0 
72 17		1 0 0 0 0 
73 92		 0 0 1 0 0 
73 71		 0 0 1 0 0 
73 85		 0 1 0 0 0 
73 99		 0 0 0 0 1 
73 66		 0 0 0 0 1 
73 91		 0 1 0 0 0 
73 84		 1 0 0 0 0 
73 5		 1 0 0 0 0 
73 30		 0 0 0 0 1 
73 14		 0 1 0 0 0 
73 96		0 0 0 1 0 
73 44		0 0 0 1 0 
74 4		 0 0 0 1 0 
74 48		 0 0 0 1 0 
74 67		 0 0 0 0 1 
74 80		 0 0 0 0 1 
74 -9999		 
74 -9999		 
74 -9999		 
74 59		 0 0 1 0 0 
74 -9999		 
74 -9999		 
75 79		 0 0 0 1 0 
75 91		 0 0 0 0 1 
75 45		 0 0 0 0 1 
75 9		 0 0 0 0 1 
75 6		 0 0 0 0 1 
75 81		 1 0 0 0 0 
75 70		 0 0 0 1 0 
75 99		 0 1 0 0 0 
75 63		 0 0 1 0 0 
75 94		 0 0 1 0 0 
75 26		0 0 0 1 0 
76 91		 0 0 0 0 1 
76 65		 0 1 0 0 0 
76 51		 0 0 0 1 0 
76 34		 0 0 0 1 0 
76 64		 1 0 0 0 0 
76 87		 0 0 1 0 0 
76 8		 0 0 0 1 0 
76 97		 0 0 1 0 0 
76 22		 0 0 1 0 0 
76 60		 0 1 0 0 0 
76 17		0 1 0 0 0 
77 72		 0 0 0 1 0 
77 88		 0 0 1 0 1 
77 40		 0 0 1 0 0 
77 48		 0 0 0 1 0 
77 19		 0 1 0 0 0 
77 13		 1 0 0 0 0 
77 10		 0 0 0 0 1 
77 -9999		 
77 -9999		 
77 -9999		 
78 87		 0 1 0 0 0 
78 91		 0 1 0 0 0 
78 57		 0 0 0 1 0 
78 4		 0 0 0 1 0 
78 88		 1 0 0 0 0 
78 -9999		 
78 -9999		 
78 18		 0 1 0 0 0 
78 49		 0 1 0 0 0 
78 61		 0 1 0 0 0 
79 86		 0 1 0 0 0 
79 96		 0 0 1 0 0 
79 37		 0 1 0 0 0 
79 87		 0 0 1 0 0 
79 18		 1 0 0 0 0 
79 10		 0 0 1 0 0 
79 16		 0 1 0 0 0 
79 75		 0 0 0 1 0 
79 66		 0 0 0 1 0 
79 20		 1 0 0 0 0 
79 92		1 0 0 0 0 
80 -9999		 
80 7		 0 0 0 0 1 
80 74		 0 0 0 0 1 
80 18		 0 1 0 0 0 
80 54		 0 1 0 0 0 
80 27		 0 0 1 0 0 
80 42		 0 0 1 0 0 
80 70		 0 0 1 0 0 
80 25		 0 0 0 1 0 
80 89		 0 0 0 0 1 
81 68		 0 1 0 0 0 
81 75		 1 0 0 0 0 
81 -9999		 
81 97		 0 0 0 0 1 
81 -9999		 
81 85		 0 0 0 0 1 
81 -9999		 
81 -9999		 
81 -9999		 
81 -9999		 
82 14		 0 1 0 0 0 
82 71		 0 0 0 1 0 
82 5		 0 0 0 0 1 
82 50		 0 0 0 0 1 
82 28		 1 0 0 0 0 
82 72		 1 0 0 0 0 
82 54		 1 0 0 0 0 
82 99		 1 0 0 0 0 
82 -9999		 
82 91		 0 1 0 0 0 
83 7		 0 1 0 0 0 
83 53		 0 0 1 0 0 
83 14		 0 0 1 0 0 
83 60		 0 0 0 1 0 
83 48		 0 1 0 0 0 
83 33		 1 0 0 0 0 
83 -9999		 
83 -9999		 
83 -9999		 
83 -9999		 
84 61		 0 0 1 1 0 
84 43		 0 0 0 0 1 
84 37		 0 0 0 1 0 
84 48		 0 0 1 0 0 
84 25		 0 0 1 0 0 
84 11		 0 1 0 0 0 
84 10		 0 1 0 0 0 
84 73		 1 0 0 0 0 
84 44		 1 0 0 0 0 
84 53		 0 0 0 0 1 
84 9		1 0 0 0 0 
84 7		0 1 0 0 0 
85 96		 0 0 1 0 0 
85 38		 0 0 1 0 0 
85 25		 0 0 1 0 0 
85 81		 0 0 0 0 1 
85 39		 1 0 0 0 0 
85 50		 1 0 0 0 0 
85 95		 1 0 0 0 0 
85 34		 0 1 0 0 0 
85 56		 0 1 0 0 0 
85 73		 0 1 0 0 0 
86 32		 0 0 0 0 1 
86 38		 0 0 0 0 1 
86 58		 1 0 0 0 0 
86 -9999		 
86 -9999		 
86 -9999		 
86 79		 0 1 0 0 0 
86 64		 0 0 0 0 1 
86 67		 0 0 0 0 1 
86 -9999		 
87 64		 1 0 0 0 0 
87 56		 0 0 1 0 0 
87 79		 0 0 1 0 0 
87 100		 0 0 0 0 1 
87 35		 1 0 0 0 0 
87 13		 0 0 0 1 0 
87 24		 0 1 0 0 0 
87 78		 0 1 0 0 0 
87 93		 0 1 0 0 0 
87 63		 0 0 1 0 0 
87 76		0 0 1 0 0 
88 18		 0 0 0 1 0 
88 7		 0 0 0 1 0 
88 89		 0 0 1 0 0 
88 78		 1 0 0 0 0 
88 69		 1 0 0 0 0 
88 10		 0 0 0 0 1 
88 43		 1 0 0 0 0 
88 34		 1 0 0 0 0 
88 20		 1 1 0 0 0 
88 49		 0 1 0 0 0 
88 14		1 0 0 0 0 
88 8		1 0 0 0 0 
88 98		0 0 0 0 1 
88 77		0 0 1 0 1 
88 44		0 0 1 0 0 
89 4		 0 1 0 0 0 
89 88		 0 0 1 0 0 
89 54		 0 0 1 0 0 
89 8		 0 0 0 1 0 
89 93		 0 0 0 0 1 
89 80		 0 0 0 0 1 
89 47		 0 0 0 0 1 
89 15		 0 0 0 1 0 
89 39		 0 1 0 0 0 
89 42		 0 0 1 0 0 
89 44		0 0 1 0 0 
90 33		 0 1 0 0 0 
90 43		 0 0 0 1 0 
90 68		 0 0 0 1 0 
90 14		 0 0 0 0 1 
90 59		 0 0 0 0 1 
90 -9999		 
90 -9999		 
90 -9999		 
90 -9999		 
90 -9999		 
91 44		 0 0 1 0 0 
91 99		 0 0 1 0 0 
91 76		 0 0 0 0 1 
91 75		 0 0 0 0 1 
91 73		 0 1 0 0 0 
91 17		 0 0 0 1 0 
91 59		 0 1 0 0 0 
91 78		 0 1 0 0 0 
91 82		 0 1 0 0 0 
91 48		 0 0 1 1 0 
91 57		1 0 0 0 0 
92 93		 0 0 0 0 1 
92 56		 0 0 0 0 1 
92 96		 0 0 0 1 0 
92 73		 0 0 1 0 0 
92 59		 0 0 1 0 0 
92 29		 0 0 0 0 1 
92 21		 0 0 0 0 1 
92 22		 1 0 0 0 0 
92 24		 1 0 0 0 0 
92 79		 1 0 0 0 0 
93 92		 0 0 0 0 1 
93 60		 0 0 1 0 0 
93 38		 0 0 1 0 0 
93 87		 0 1 0 0 0 
93 54		 0 1 0 0 0 
93 43		 0 0 0 1 0 
93 51		 0 0 0 1 0 
93 63		 0 0 0 1 0 
93 56		 0 0 0 1 0 
93 52		 1 0 0 0 0 
93 13		1 0 0 0 0 
93 11		1 0 0 0 0 
93 89		0 0 0 0 1 
93 40		0 0 0 0 1 
94 75		 0 0 1 0 0 
94 44		 0 1 0 0 0 
94 36		 0 1 0 0 0 
94 66		 0 0 0 1 0 
94 35		 0 0 0 1 0 
94 49		 1 0 0 0 0 
94 54		 0 0 1 0 0 
94 -9999		 
94 -9999		 
94 -9999		 
95 6		 0 0 0 1 0 
95 20		 0 0 0 0 1 
95 -9999		 
95 26		 0 1 0 0 0 
95 43		 0 1 0 0 0 
95 67		 0 1 0 0 0 
95 46		 0 0 0 0 1 
95 50		 0 0 0 0 1 
95 2		 1 0 0 0 0 
95 85		 1 0 0 0 0 
96 85		 0 0 1 0 0 
96 79		 0 0 1 0 0 
96 92		 0 0 0 1 0 
96 73		 0 0 0 1 0 
96 51		 1 0 0 0 0 
96 99		 0 1 0 0 0 
96 11		 0 1 0 0 0 
96 37		 1 0 1 0 0 
96 55		 0 0 1 0 0 
96 66		 0 0 1 0 0 
96 98		1 0 0 0 0 
97 6		 1 0 1 0 0 
97 76		 0 0 1 0 0 
97 25		 0 0 1 0 0 
97 66		 1 0 0 1 0 
97 42		 0 0 0 1 0 
97 81		 0 0 0 0 1 
97 33		 1 0 0 0 0 
97 27		 1 0 0 0 0 
97 22		 0 1 0 0 0 
97 38		 0 1 0 0 0 
97 39		0 0 0 1 0 
97 11		0 0 1 0 0 
98 37		 0 0 0 1 0 
98 71		 0 0 0 1 0 
98 -9999		 
98 69		 0 0 0 0 1 
98 88		 0 0 0 0 1 
98 13		 1 0 0 0 0 
98 35		 1 0 0 0 0 
98 96		 1 0 0 0 0 
98 100		 1 0 0 0 0 
98 -9999		 
99 69		 0 0 1 0 0 
99 31		 0 0 0 1 0 
99 5		 0 0 0 0 1 
99 96		 0 1 0 0 0 
99 1		 1 0 0 0 0 
99 82		 1 0 0 0 0 
99 75		 0 1 0 0 0 
99 91		 0 0 1 0 0 
99 22		 0 0 0 0 1 
99 51		 0 0 0 0 1 
99 73		0 0 0 0 1 
100 87		 0 0 0 0 1 
100 69		 0 0 1 0 0 
100 23		 0 0 0 0 1 
100 30		 0 1 0 0 0 
100 8		 0 1 0 0 0 
100 67		 0 0 1 0 0 
100 44		 0 0 1 0 0 
100 98		 1 0 0 0 0 
100 22		 0 0 1 0 0 
100 49		 1 0 0 0 0 
