1 32		 0 0 1 0 0 
1 53		 0 0 0 0 1 
1 -9999		 
1 56		 0 0 1 0 0 
1 99		 1 0 0 0 0 
1 72		 1 0 0 0 0 
1 -9999		 
1 39		 0 1 0 0 0 
1 92		 0 1 0 0 0 
1 93		 0 1 0 0 0 
2 50		 0 0 0 0 1 
2 95		 1 0 0 0 0 
2 27		 0 1 0 0 0 
2 10		 0 1 0 0 0 
2 36		 0 0 1 0 0 
2 17		 0 0 1 0 0 
2 59		 0 0 1 0 0 
2 20		 0 0 1 0 0 
2 60		 0 0 0 0 1 
2 74		 0 0 0 0 1 
3 24		 0 0 0 1 0 
3 67		 0 0 0 1 0 
3 95		 0 0 0 1 0 
3 88		 0 0 1 0 0 
3 14		 0 1 0 0 0 
3 40		 0 1 0 0 0 
3 85		 0 0 0 0 1 
3 26		 0 0 0 0 1 
3 66		 0 1 0 0 0 
3 99		 0 1 0 0 0 
3 38		0 0 0 1 0 
4 97		 0 0 0 1 0 
4 99		 0 0 0 1 0 
4 8		 0 0 0 0 1 
4 67		 0 0 1 0 0 
4 31		 0 1 0 0 0 
4 9		 0 0 0 1 0 
4 60		 1 0 0 0 0 
4 29		 1 0 0 0 0 
4 98		 0 1 0 0 0 
4 93		 0 1 0 0 0 
4 68		0 1 0 0 0 
5 73		 1 0 0 0 1 
5 98		 0 0 0 1 0 
5 22		 0 0 0 1 0 
5 8		 0 0 1 0 0 
5 46		 0 1 0 0 0 
5 65		 1 0 0 0 0 
5 43		 0 1 0 0 0 
5 49		 0 0 1 0 0 
5 59		 0 0 1 0 0 
5 74		 0 0 1 0 0 
5 6		0 0 1 0 0 
6 72		 0 1 0 0 0 
6 52		 0 0 0 0 1 
6 97		 1 0 0 0 0 
6 43		 0 0 1 0 0 
6 51		 0 0 0 1 0 
6 68		 0 0 0 1 0 
6 69		 0 0 1 0 0 
6 44		 0 0 1 0 0 
6 -9999		 
6 5		 0 0 1 0 0 
7 85		 0 1 0 0 0 
7 22		 0 0 1 0 0 
7 77		 0 0 0 1 0 
7 51		 0 0 1 0 0 
7 78		 0 1 0 0 0 
7 10		 0 0 0 0 1 
7 60		 0 1 0 0 0 
7 -9999		 
7 57		 0 1 0 0 0 
7 12		 0 1 0 0 0 
8 71		 0 0 1 0 0 
8 88		 1 0 0 0 0 
8 5		 0 0 1 0 0 
8 22		 1 0 0 0 0 
8 68		 0 0 1 0 0 
8 12		 0 0 0 1 0 
8 4		 0 0 0 0 1 
8 39		 0 0 0 0 1 
8 30		 1 0 0 0 0 
8 62		 0 1 0 0 0 
8 49		0 0 0 0 1 
9 -9999		 
9 58		 0 0 1 0 0 
9 4		 0 0 0 1 0 
9 49		 0 1 0 0 0 
9 62		 0 0 0 0 1 
9 -9999		 
9 84		 1 0 0 0 0 
9 60		 1 0 0 0 0 
9 31		 0 1 0 0 0 
9 92		 0 1 0 0 0 
10 37		 1 0 0 0 1 
10 93		 0 0 1 0 0 
10 68		 0 0 1 0 0 
10 67		 0 0 0 1 0 
10 7		 0 0 0 0 1 
10 60		 1 0 0 1 0 
10 27		 0 0 0 1 0 
10 73		 0 0 1 0 0 
10 2		 0 1 0 0 0 
10 17		 0 0 0 1 0 
11 36		 0 0 0 0 1 
11 87		 0 0 0 1 0 
11 34		 1 0 0 0 0 
11 93		 1 0 1 0 0 
11 64		 1 0 0 0 0 
11 35		 1 0 0 1 0 
11 83		 0 1 0 0 0 
11 40		 0 0 1 0 0 
11 71		 0 0 1 0 0 
11 31		 0 0 1 0 0 
11 88		0 0 0 1 0 
12 32		 1 0 0 0 0 
12 7		 0 1 0 0 0 
12 8		 0 0 0 1 0 
12 36		 0 1 0 0 0 
12 20		 0 1 0 0 0 
12 48		 0 1 0 0 0 
12 92		 0 0 0 0 1 
12 93		 0 0 0 0 1 
12 83		 0 0 0 0 1 
12 -9999		 
13 25		 0 0 1 0 0 
13 62		 0 0 0 1 0 
13 94		 0 0 0 1 0 
13 42		 0 0 0 0 1 
13 97		 0 0 0 0 1 
13 98		 1 0 0 0 0 
13 77		 1 0 0 0 0 
13 54		 1 0 0 0 0 
13 64		 0 0 1 0 0 
13 33		 0 0 1 0 0 
13 71		0 0 0 0 1 
13 59		0 0 0 0 1 
13 86		0 1 0 0 0 
13 65		0 1 0 0 0 
13 78		0 1 0 0 0 
13 55		0 1 0 0 0 
13 56		0 1 0 0 0 
13 93		1 0 0 0 0 
14 96		 0 0 1 0 0 
14 3		 0 1 0 0 0 
14 63		 1 0 0 0 0 
14 39		 0 1 0 0 0 
14 70		 1 0 0 0 0 
14 91		 0 0 0 1 0 
14 43		 0 1 0 0 0 
14 88		 1 0 0 0 0 
14 66		 1 0 0 1 0 
14 28		 0 1 0 0 0 
15 99		 0 0 0 1 0 
15 18		 1 1 0 0 0 
15 28		 0 0 1 0 0 
15 86		 0 0 0 0 1 
15 63		 0 0 0 0 1 
15 42		 1 0 0 0 0 
15 -9999		 
15 -9999		 
15 60		 1 0 0 0 0 
15 64		 0 0 1 0 0 
16 32		 0 0 0 1 0 
16 78		 0 0 0 1 0 
16 60		 0 0 1 0 0 
16 -9999		 
16 43		 1 0 0 0 0 
16 80		 0 1 0 0 0 
16 100		 0 0 1 0 0 
16 -9999		 
16 67		 0 0 1 0 0 
16 41		 0 0 1 0 0 
17 39		 0 0 1 0 0 
17 88		 0 0 0 0 1 
17 31		 0 0 1 0 0 
17 83		 0 0 0 0 1 
17 72		 1 0 0 0 0 
17 26		 0 0 1 0 0 
17 2		 0 0 1 0 0 
17 84		 0 1 0 0 0 
17 57		 0 0 0 1 0 
17 10		 0 0 0 1 0 
18 54		 0 0 0 0 1 
18 72		 0 1 0 0 0 
18 21		 0 0 1 0 0 
18 30		 0 0 0 1 0 
18 57		 0 0 0 1 0 
18 31		 0 0 1 0 0 
18 15		 1 1 0 0 0 
18 70		 0 1 0 0 0 
18 100		 0 1 0 0 0 
18 79		 1 0 0 0 0 
18 62		0 0 1 0 0 
19 45		 0 1 0 0 0 
19 94		 0 0 0 0 1 
19 75		 0 0 1 0 0 
19 48		 0 0 0 0 1 
19 55		 0 1 0 0 0 
19 86		 0 0 1 0 0 
19 -9999		 
19 -9999		 
19 -9999		 
19 -9999		 
20 42		 0 0 1 0 0 
20 46		 0 0 1 0 0 
20 90		 0 0 1 0 0 
20 26		 0 0 0 1 0 
20 100		 0 0 0 0 1 
20 73		 0 0 0 0 1 
20 2		 0 0 1 0 0 
20 79		 1 0 0 0 0 
20 12		 0 1 0 0 0 
20 88		 1 0 0 0 0 
20 70		0 0 0 0 1 
20 41		0 0 0 1 0 
20 63		1 0 0 0 0 
20 59		1 0 0 0 0 
20 27		1 0 0 0 0 
21 96		 0 0 0 1 0 
21 54		 0 0 0 1 0 
21 68		 0 0 1 0 0 
21 77		 0 0 0 0 1 
21 18		 0 0 1 0 0 
21 56		 1 0 0 0 0 
21 38		 1 0 0 0 0 
21 71		 0 1 0 0 0 
21 37		 0 1 0 0 0 
21 -9999		 
22 27		 0 0 0 1 0 
22 26		 0 0 0 0 1 
22 95		 0 0 0 1 0 
22 8		 1 0 0 0 0 
22 57		 1 0 0 0 0 
22 92		 1 0 0 0 0 
22 32		 0 0 1 0 0 
22 23		 0 0 1 0 0 
22 7		 0 0 1 0 0 
22 5		 0 0 0 1 0 
22 28		1 0 0 0 0 
23 30		 0 1 0 0 0 
23 22		 0 0 1 0 0 
23 34		 0 0 0 1 1 
23 74		 0 0 0 1 0 
23 46		 0 0 0 0 1 
23 44		 0 1 0 0 0 
23 79		 0 0 0 0 1 
23 26		 1 0 0 0 0 
23 67		 0 1 0 0 0 
23 83		 0 1 0 0 0 
23 31		0 0 0 0 1 
24 3		 0 0 0 1 0 
24 49		 0 0 0 1 0 
24 52		 0 0 0 0 1 
24 55		 0 0 0 0 1 
24 -9999		 
24 92		 1 0 0 0 0 
24 90		 0 1 0 0 0 
24 70		 0 1 0 0 0 
24 62		 0 1 0 0 0 
24 100		 0 1 0 0 0 
25 99		 0 0 0 1 0 
25 -9999		 
25 63		 1 0 0 0 0 
25 -9999		 
25 -9999		 
25 -9999		 
25 37		 0 0 1 0 0 
25 13		 0 0 1 0 0 
25 -9999		 
25 -9999		 
26 95		 0 1 0 0 0 
26 17		 0 0 1 0 0 
26 20		 0 0 0 1 0 
26 3		 0 0 0 0 1 
26 22		 0 0 0 0 1 
26 23		 1 0 0 0 0 
26 51		 0 0 0 0 1 
26 -9999		 
26 -9999		 
26 -9999		 
27 30		 0 1 0 0 0 
27 20		 1 0 0 0 0 
27 2		 0 1 0 0 0 
27 10		 0 0 0 1 0 
27 22		 0 0 0 1 0 
27 83		 0 1 0 1 0 
27 40		 1 0 0 0 0 
27 97		 1 0 0 0 0 
27 60		 1 0 0 0 0 
27 37		 0 1 0 0 0 
27 48		0 0 0 0 1 
27 88		0 0 0 0 1 
27 66		0 0 0 1 0 
27 52		0 0 0 1 0 
28 76		 0 0 0 0 1 
28 -9999		 
28 22		 1 0 0 0 0 
28 14		 0 1 0 0 0 
28 15		 0 0 1 0 0 
28 97		 0 0 1 0 0 
28 85		 0 0 0 1 0 
28 72		 0 0 0 1 0 
28 82		 1 0 0 0 0 
28 -9999		 
29 94		 0 0 0 0 1 
29 38		 0 0 0 1 0 
29 43		 0 0 0 0 1 
29 4		 1 0 0 0 0 
29 66		 1 1 0 0 0 
29 36		 1 0 0 0 0 
29 32		 0 0 1 0 0 
29 79		 0 0 1 0 0 
29 -9999		 
29 -9999		 
30 86		 0 0 0 1 0 
30 33		 0 0 0 0 1 
30 62		 0 0 0 0 1 
30 8		 1 0 0 0 0 
30 71		 1 0 0 0 0 
30 23		 0 1 0 0 0 
30 83		 0 1 0 0 0 
30 27		 0 1 0 0 0 
30 46		 0 0 1 0 0 
30 60		 0 0 0 0 1 
30 18		0 0 0 1 0 
30 53		0 0 1 0 0 
30 78		0 0 1 0 0 
31 75		 0 0 0 1 0 
31 77		 0 0 0 1 0 
31 60		 0 1 0 0 0 
31 4		 0 1 0 0 0 
31 9		 0 1 0 0 0 
31 39		 0 1 0 0 1 
31 11		 0 0 1 0 0 
31 17		 0 0 1 0 0 
31 33		 0 0 1 0 0 
31 89		 0 0 1 0 0 
31 32		0 0 0 0 1 
31 23		0 0 0 0 1 
31 94		0 0 0 1 0 
31 18		0 0 1 0 0 
32 43		 0 0 0 0 1 
32 1		 0 0 1 0 0 
32 53		 0 1 0 0 0 
32 22		 0 0 1 0 0 
32 100		 0 0 0 0 1 
32 86		 0 0 0 1 0 
32 12		 1 0 0 0 0 
32 29		 0 0 1 0 0 
32 45		 0 0 1 0 0 
32 87		 0 0 1 0 0 
32 31		0 0 0 0 1 
32 16		0 0 0 1 0 
32 91		0 0 1 0 0 
33 49		 0 0 0 0 1 
33 -9999		 
33 36		 1 0 0 1 0 
33 83		 1 0 0 0 0 
33 72		 1 0 0 0 0 
33 97		 1 0 0 0 0 
33 13		 0 0 1 0 0 
33 31		 0 0 1 0 0 
33 30		 0 0 0 0 1 
33 57		 0 1 0 0 0 
34 -9999		 
34 41		 0 0 1 0 0 
34 69		 0 0 0 0 1 
34 99		 0 0 0 0 1 
34 23		 0 0 0 1 1 
34 77		 0 0 0 0 1 
34 88		 1 0 0 0 0 
34 -9999		 
34 36		 0 1 0 0 0 
34 11		 1 0 0 0 0 
35 87		 1 0 0 1 0 
35 -9999		 
35 -9999		 
35 -9999		 
35 -9999		 
35 -9999		 
35 -9999		 
35 98		 1 0 0 0 0 
35 11		 1 0 0 1 0 
35 -9999		 
36 29		 1 0 0 0 0 
36 99		 0 0 0 1 0 
36 33		 1 0 0 1 0 
36 42		 1 0 0 0 0 
36 49		 1 0 0 0 0 
36 12		 0 1 0 0 0 
36 34		 0 1 0 0 0 
36 77		 0 1 0 0 0 
36 2		 0 0 1 0 0 
36 86		 0 0 1 0 0 
36 92		0 0 0 0 1 
36 11		0 0 0 0 1 
37 96		 1 0 0 1 0 
37 25		 0 0 1 0 0 
37 91		 0 0 0 0 1 
37 46		 1 0 0 0 0 
37 80		 0 0 0 0 1 
37 92		 0 1 0 0 0 
37 81		 0 1 0 0 0 
37 98		 0 0 0 1 0 
37 27		 0 1 0 0 0 
37 21		 0 1 0 0 0 
37 10		1 0 0 0 1 
38 43		 0 0 1 0 0 
38 51		 0 1 0 0 0 
38 46		 1 0 0 0 0 
38 21		 1 0 0 0 0 
38 73		 0 1 0 0 0 
38 3		 0 0 0 1 0 
38 -9999		 
38 29		 0 0 0 1 0 
38 -9999		 
38 57		 1 0 0 0 1 
39 17		 0 0 1 0 0 
39 14		 0 1 0 0 0 
39 58		 0 0 0 0 1 
39 77		 0 0 0 0 1 
39 1		 0 1 0 0 0 
39 85		 1 0 0 0 0 
39 -9999		 
39 71		 0 0 0 1 1 
39 31		 0 1 0 0 1 
39 8		 0 0 0 0 1 
40 3		 0 1 0 0 0 
40 95		 0 1 0 0 0 
40 -9999		 
40 -9999		 
40 65		 0 0 0 1 1 
40 27		 1 0 0 0 0 
40 52		 0 1 0 0 0 
40 48		 0 0 1 0 0 
40 75		 0 0 1 0 0 
40 11		 0 0 1 0 0 
41 34		 0 0 1 0 0 
41 20		 0 0 0 1 0 
41 47		 0 0 0 1 0 
41 -9999		 
41 99		 0 1 0 0 0 
41 90		 0 1 0 0 0 
41 -9999		 
41 59		 1 0 0 0 0 
41 97		 0 1 0 0 0 
41 16		 0 0 1 0 0 
42 36		 1 0 0 0 0 
42 66		 0 0 1 0 0 
42 13		 0 0 0 0 1 
42 15		 1 0 0 0 0 
42 80		 0 0 1 0 0 
42 97		 0 0 0 0 1 
42 20		 0 0 1 0 0 
42 53		 0 0 0 1 0 
42 84		 0 0 1 0 0 
42 85		 0 0 0 0 1 
42 61		0 0 0 0 1 
42 78		0 0 0 0 1 
43 73		 0 0 0 1 0 
43 32		 0 0 0 0 1 
43 88		 1 0 0 0 0 
43 16		 1 0 0 0 0 
43 14		 0 1 0 0 0 
43 5		 0 1 0 0 0 
43 96		 0 0 1 0 0 
43 44		 0 0 1 0 0 
43 38		 0 0 1 0 0 
43 6		 0 0 1 0 0 
43 29		0 0 0 0 1 
43 59		0 0 0 1 0 
44 59		 0 0 0 1 0 
44 87		 0 0 1 0 1 
44 43		 0 0 1 0 0 
44 -9999		 
44 -9999		 
44 23		 0 1 0 0 0 
44 84		 1 0 0 0 0 
44 6		 0 0 1 0 0 
44 -9999		 
44 65		 0 1 0 0 0 
45 48		 0 0 0 0 1 
45 -9999		 
45 19		 0 1 0 0 0 
45 -9999		 
45 99		 0 1 0 0 0 
45 -9999		 
45 32		 0 0 1 0 0 
45 58		 0 0 1 0 0 
45 -9999		 
45 -9999		 
46 20		 0 0 1 0 0 
46 56		 0 0 1 0 0 
46 38		 1 0 0 0 0 
46 5		 0 1 0 0 0 
46 85		 0 1 0 0 0 
46 30		 0 0 1 0 0 
46 58		 0 0 0 1 0 
46 79		 0 0 0 1 0 
46 23		 0 0 0 0 1 
46 37		 1 0 0 0 0 
47 41		 0 0 0 1 0 
47 -9999		 
47 -9999		 
47 52		 1 0 0 0 0 
47 67		 0 1 0 0 0 
47 84		 0 0 1 0 0 
47 49		 0 0 0 1 0 
47 -9999		 
47 -9999		 
47 -9999		 
48 19		 0 0 0 0 1 
48 40		 0 0 1 0 0 
48 92		 0 0 0 1 0 
48 27		 0 0 0 0 1 
48 45		 0 0 0 0 1 
48 -9999		 
48 -9999		 
48 69		 1 0 0 0 0 
48 -9999		 
48 12		 0 1 0 0 0 
49 94		 1 0 0 0 0 
49 97		 0 0 1 0 0 
49 55		 0 0 0 1 0 
49 47		 0 0 0 1 0 
49 24		 0 0 0 1 0 
49 52		 0 0 1 0 0 
49 58		 0 1 0 0 0 
49 79		 0 1 0 0 0 
49 100		 1 0 0 0 0 
49 36		 1 0 0 0 0 
49 62		0 0 0 0 1 
49 33		0 0 0 0 1 
49 8		0 0 0 0 1 
49 5		0 0 1 0 0 
49 9		0 1 0 0 0 
50 52		 0 1 0 0 0 
50 58		 0 0 0 1 0 
50 2		 0 0 0 0 1 
50 -9999		 
50 -9999		 
50 85		 1 0 0 0 0 
50 -9999		 
50 72		 1 0 0 0 0 
50 54		 1 0 0 0 0 
50 -9999		 
51 52		 0 0 0 1 0 
51 74		 0 0 0 1 0 
51 26		 0 0 0 0 1 
51 92		 0 0 1 0 0 
51 7		 0 0 1 0 0 
51 96		 1 0 0 0 0 
51 56		 0 1 0 0 0 
51 38		 0 1 0 0 0 
51 73		 0 0 1 0 0 
51 6		 0 0 0 1 0 
52 80		 0 0 0 1 0 
52 51		 0 0 0 1 0 
52 49		 0 0 1 0 0 
52 73		 0 0 0 0 1 
52 50		 0 1 0 0 0 
52 93		 1 0 0 0 0 
52 27		 0 0 0 1 0 
52 69		 1 0 0 0 0 
52 94		 0 1 0 0 0 
52 24		 0 0 0 0 1 
52 6		0 0 0 0 1 
52 40		0 1 0 0 0 
52 47		1 0 0 0 0 
53 -9999		 
53 32		 0 1 0 0 0 
53 87		 0 1 0 0 0 
53 30		 0 0 1 0 0 
53 42		 0 0 0 1 0 
53 1		 0 0 0 0 1 
53 95		 0 0 0 0 1 
53 -9999		 
53 -9999		 
53 83		 0 1 0 0 0 
54 -9999		 
54 13		 1 0 0 0 0 
54 21		 0 0 0 1 0 
54 82		 1 0 0 0 0 
54 50		 1 0 0 0 0 
54 18		 0 0 0 0 1 
54 97		 0 0 0 0 1 
54 83		 0 0 0 0 1 
54 -9999		 
54 -9999		 
55 97		 0 0 1 0 0 
55 49		 0 0 0 1 0 
55 24		 0 0 0 0 1 
55 76		 0 0 0 0 1 
55 -9999		 
55 -9999		 
55 13		 0 1 0 0 0 
55 19		 0 1 0 0 0 
55 -9999		 
55 -9999		 
56 21		 1 0 0 0 0 
56 82		 0 0 0 1 0 
56 1		 0 0 1 0 0 
56 100		 0 0 1 0 0 
56 -9999		 
56 86		 0 1 0 0 0 
56 51		 0 1 0 0 0 
56 13		 0 1 0 0 0 
56 46		 0 0 1 0 0 
56 -9999		 
57 72		 0 0 0 1 0 
57 18		 0 0 0 1 0 
57 99		 0 0 0 0 1 
57 79		 0 0 0 0 1 
57 38		 1 0 0 0 1 
57 61		 1 0 1 0 0 
57 91		 1 0 0 0 0 
57 33		 0 1 0 0 0 
57 7		 0 1 0 0 0 
57 17		 0 0 0 1 0 
57 22		1 0 0 0 0 
58 39		 0 0 0 0 1 
58 9		 0 0 1 0 0 
58 80		 0 0 0 1 0 
58 86		 1 0 0 0 0 
58 45		 0 0 1 0 0 
58 94		 0 0 1 0 0 
58 69		 0 0 1 0 0 
58 49		 0 1 0 0 0 
58 46		 0 0 0 1 0 
58 50		 0 0 0 1 0 
58 98		0 0 0 1 0 
59 41		 1 0 0 0 0 
59 5		 0 0 1 0 0 
59 2		 0 0 1 0 0 
59 81		 0 0 0 0 1 
59 20		 1 0 0 0 0 
59 43		 0 0 0 1 0 
59 44		 0 0 0 1 0 
59 83		 0 0 0 1 0 
59 13		 0 0 0 0 1 
59 85		 0 0 0 1 0 
59 93		0 0 0 1 0 
60 77		 0 0 0 0 1 
60 10		 1 0 0 1 0 
60 30		 0 0 0 0 1 
60 27		 1 0 0 0 0 
60 65		 0 0 1 0 0 
60 15		 1 0 0 0 0 
60 7		 0 1 0 0 0 
60 16		 0 0 1 0 0 
60 68		 0 0 0 1 0 
60 92		 0 0 0 1 0 
60 2		0 0 0 0 1 
60 99		0 0 0 1 0 
60 9		1 0 0 0 0 
60 4		1 0 0 0 0 
60 31		0 1 0 0 0 
61 57		 1 0 1 0 0 
61 71		 1 0 0 0 0 
61 42		 0 0 0 0 1 
61 66		 0 0 0 1 0 
61 100		 0 0 0 0 1 
61 98		 0 1 0 0 0 
61 -9999		 
61 -9999		 
61 85		 0 1 0 0 0 
61 77		 0 1 0 0 1 
62 8		 0 1 0 0 0 
62 9		 0 0 0 0 1 
62 24		 0 1 0 0 0 
62 18		 0 0 1 0 0 
62 90		 0 0 1 0 0 
62 13		 0 0 0 1 0 
62 30		 0 0 0 0 1 
62 -9999		 
62 49		 0 0 0 0 1 
62 -9999		 
63 25		 1 0 0 0 0 
63 67		 0 0 0 1 0 
63 15		 0 0 0 0 1 
63 79		 0 0 1 0 0 
63 -9999		 
63 -9999		 
63 14		 1 0 0 0 0 
63 90		 0 0 0 0 1 
63 81		 0 0 0 1 0 
63 20		 1 0 0 0 0 
64 80		 0 0 0 0 1 
64 84		 0 0 0 0 1 
64 13		 0 0 1 0 0 
64 76		 1 0 0 0 0 
64 87		 1 0 0 0 0 
64 -9999		 
64 11		 1 0 0 0 0 
64 69		 0 1 0 0 0 
64 68		 1 0 0 0 0 
64 15		 0 0 1 0 0 
65 60		 0 0 1 0 0 
65 40		 0 0 0 1 1 
65 5		 1 0 0 0 0 
65 13		 0 1 0 0 0 
65 44		 0 1 0 0 0 
65 71		 0 0 1 0 0 
65 83		 0 0 0 1 0 
65 74		 0 0 0 0 1 
65 -9999		 
65 -9999		 
66 83		 0 0 0 0 1 
66 82		 0 0 0 0 1 
66 97		 1 0 0 0 0 
66 29		 1 1 0 0 0 
66 14		 1 0 0 1 0 
66 74		 0 0 0 1 0 
66 3		 0 1 0 0 0 
66 42		 0 0 1 0 0 
66 61		 0 0 0 1 0 
66 27		 0 0 0 1 0 
67 91		 0 0 1 0 0 
67 63		 0 0 0 1 0 
67 3		 0 0 0 1 0 
67 10		 0 0 0 1 0 
67 -9999		 
67 -9999		 
67 23		 0 1 0 0 0 
67 47		 0 1 0 0 0 
67 4		 0 0 1 0 0 
67 16		 0 0 1 0 0 
68 84		 0 0 0 1 0 
68 79		 0 0 0 1 0 
68 60		 0 0 0 1 0 
68 64		 1 0 0 0 0 
68 4		 0 1 0 0 0 
68 8		 0 0 1 0 0 
68 10		 0 0 1 0 0 
68 21		 0 0 1 0 0 
68 85		 0 0 1 0 0 
68 6		 0 0 0 1 0 
68 92		0 0 1 0 0 
69 58		 0 0 1 0 0 
69 34		 0 0 0 0 1 
69 85		 0 1 0 0 0 
69 88		 1 0 0 0 0 
69 64		 0 1 0 0 0 
69 52		 1 0 0 0 0 
69 48		 1 0 0 0 0 
69 6		 0 0 1 0 0 
69 98		 0 0 0 1 0 
69 -9999		 
70 20		 0 0 0 0 1 
70 -9999		 
70 14		 1 0 0 0 0 
70 18		 0 1 0 0 0 
70 24		 0 1 0 0 0 
70 89		 0 0 1 0 0 
70 78		 0 0 1 0 0 
70 83		 0 0 0 1 0 
70 -9999		 
70 -9999		 
71 65		 0 0 1 0 0 
71 11		 0 0 1 0 0 
71 87		 0 0 0 1 0 
71 82		 0 0 0 0 1 
71 61		 1 0 0 0 0 
71 30		 1 0 0 0 0 
71 13		 0 0 0 0 1 
71 90		 0 1 0 0 0 
71 21		 0 1 0 0 0 
71 8		 0 0 1 0 0 
71 39		0 0 0 1 1 
72 82		 1 0 0 0 0 
72 80		 0 0 0 1 0 
72 57		 0 0 0 1 0 
72 6		 0 1 0 0 0 
72 1		 1 0 0 0 0 
72 50		 1 0 0 0 0 
72 18		 0 1 0 0 0 
72 33		 1 0 0 0 0 
72 17		 1 0 0 0 0 
72 28		 0 0 0 1 0 
72 95		0 0 0 0 1 
73 74		 0 0 1 0 0 
73 51		 0 0 1 0 0 
73 38		 0 1 0 0 0 
73 52		 0 0 0 0 1 
73 20		 0 0 0 0 1 
73 43		 0 0 0 1 0 
73 84		 1 0 0 0 0 
73 5		 1 0 0 0 1 
73 -9999		 
73 10		 0 0 1 0 0 
74 99		 0 0 0 1 0 
74 2		 0 0 0 0 1 
74 82		 0 0 0 0 1 
74 83		 0 0 0 0 1 
74 5		 0 0 1 0 0 
74 73		 0 0 1 0 0 
74 75		 0 0 1 0 0 
74 23		 0 0 0 1 0 
74 51		 0 0 0 1 0 
74 66		 0 0 0 1 0 
74 65		0 0 0 0 1 
75 100		 0 0 0 1 0 
75 19		 0 0 1 0 0 
75 -9999		 
75 -9999		 
75 -9999		 
75 81		 1 0 0 0 0 
75 31		 0 0 0 1 0 
75 97		 0 1 0 0 0 
75 74		 0 0 1 0 0 
75 40		 0 0 1 0 0 
76 -9999		 
76 85		 0 1 0 0 0 
76 28		 0 0 0 0 1 
76 55		 0 0 0 0 1 
76 64		 1 0 0 0 0 
76 -9999		 
76 -9999		 
76 -9999		 
76 -9999		 
76 -9999		 
77 21		 0 0 0 0 1 
77 80		 0 0 0 0 1 
77 7		 0 0 0 1 0 
77 34		 0 0 0 0 1 
77 31		 0 0 0 1 0 
77 13		 1 0 0 0 0 
77 60		 0 0 0 0 1 
77 36		 0 1 0 0 0 
77 61		 0 1 0 0 1 
77 100		 0 0 0 1 0 
77 39		0 0 0 0 1 
78 30		 0 0 1 0 0 
78 70		 0 0 1 0 0 
78 42		 0 0 0 0 1 
78 -9999		 
78 88		 1 0 0 0 0 
78 7		 0 1 0 0 0 
78 13		 0 1 0 0 0 
78 16		 0 0 0 1 0 
78 92		 0 0 0 1 0 
78 85		 0 0 0 1 0 
79 49		 0 1 0 0 0 
79 63		 0 0 1 0 0 
79 92		 1 0 0 0 0 
79 46		 0 0 0 1 0 
79 18		 1 0 0 0 0 
79 68		 0 0 0 1 0 
79 29		 0 0 1 0 0 
79 23		 0 0 0 0 1 
79 57		 0 0 0 0 1 
79 20		 1 0 0 0 0 
80 16		 0 1 0 0 0 
80 77		 0 0 0 0 1 
80 64		 0 0 0 0 1 
80 97		 0 1 0 0 0 
80 52		 0 0 0 1 0 
80 58		 0 0 0 1 0 
80 42		 0 0 1 0 0 
80 72		 0 0 0 1 0 
80 83		 0 0 0 1 0 
80 37		 0 0 0 0 1 
81 63		 0 0 0 1 0 
81 75		 1 0 0 0 0 
81 37		 0 1 0 0 0 
81 -9999		 
81 59		 0 0 0 0 1 
81 -9999		 
81 88		 0 0 0 0 1 
81 -9999		 
81 -9999		 
81 -9999		 
82 56		 0 0 0 1 0 
82 66		 0 0 0 0 1 
82 74		 0 0 0 0 1 
82 -9999		 
82 28		 1 0 0 0 0 
82 72		 1 0 0 0 0 
82 54		 1 0 0 0 0 
82 99		 1 0 0 0 0 
82 91		 0 0 0 1 0 
82 71		 0 0 0 0 1 
83 59		 0 0 0 1 0 
83 53		 0 1 0 0 0 
83 65		 0 0 0 1 0 
83 80		 0 0 0 1 0 
83 70		 0 0 0 1 0 
83 33		 1 0 0 0 0 
83 11		 0 1 0 0 0 
83 23		 0 1 0 0 0 
83 27		 0 1 0 1 0 
83 30		 0 1 0 0 0 
83 74		0 0 0 0 1 
83 66		0 0 0 0 1 
83 54		0 0 0 0 1 
83 17		0 0 0 0 1 
83 12		0 0 0 0 1 
84 68		 0 0 0 1 0 
84 64		 0 0 0 0 1 
84 9		 1 0 0 0 0 
84 47		 0 0 1 0 0 
84 42		 0 0 1 0 0 
84 98		 0 1 0 0 0 
84 17		 0 1 0 0 0 
84 73		 1 0 0 0 0 
84 44		 1 0 0 0 0 
84 -9999		 
85 68		 0 0 1 0 0 
85 46		 0 1 0 0 0 
85 7		 0 1 0 0 0 
85 42		 0 0 0 0 1 
85 39		 1 0 0 0 0 
85 50		 1 0 0 0 0 
85 95		 1 0 0 0 0 
85 76		 0 1 0 0 0 
85 69		 0 1 0 0 0 
85 61		 0 1 0 0 0 
85 3		0 0 0 0 1 
85 78		0 0 0 1 0 
85 59		0 0 0 1 0 
85 28		0 0 0 1 0 
86 32		 0 0 0 1 0 
86 15		 0 0 0 0 1 
86 58		 1 0 0 0 0 
86 13		 0 1 0 0 0 
86 56		 0 1 0 0 0 
86 19		 0 0 1 0 0 
86 36		 0 0 1 0 0 
86 -9999		 
86 -9999		 
86 30		 0 0 0 1 0 
87 64		 1 0 0 0 0 
87 89		 0 0 1 0 0 
87 44		 0 0 1 0 1 
87 99		 0 0 0 0 1 
87 35		 1 0 0 1 0 
87 93		 0 0 0 0 1 
87 53		 0 1 0 0 0 
87 11		 0 0 0 1 0 
87 32		 0 0 1 0 0 
87 71		 0 0 0 1 0 
88 11		 0 0 0 1 0 
88 14		 1 0 0 0 0 
88 3		 0 0 1 0 0 
88 78		 1 0 0 0 0 
88 69		 1 0 0 0 0 
88 81		 0 0 0 0 1 
88 43		 1 0 0 0 0 
88 34		 1 0 0 0 0 
88 20		 1 0 0 0 0 
88 94		 0 1 0 0 0 
88 27		0 0 0 0 1 
88 17		0 0 0 0 1 
88 8		1 0 0 0 0 
89 87		 0 0 1 0 0 
89 70		 0 0 1 0 0 
89 -9999		 
89 -9999		 
89 -9999		 
89 -9999		 
89 -9999		 
89 -9999		 
89 31		 0 0 1 0 0 
89 -9999		 
90 20		 0 0 1 0 0 
90 63		 0 0 0 0 1 
90 92		 0 0 0 0 1 
90 -9999		 
90 -9999		 
90 24		 0 1 0 0 0 
90 41		 0 1 0 0 0 
90 71		 0 1 0 0 0 
90 62		 0 0 1 0 0 
90 97		 0 0 0 0 1 
91 14		 0 0 0 1 0 
91 82		 0 0 0 1 0 
91 -9999		 
91 -9999		 
91 97		 0 1 0 0 0 
91 37		 0 0 0 0 1 
91 57		 1 0 0 0 0 
91 32		 0 0 1 0 0 
91 67		 0 0 1 0 0 
91 -9999		 
92 90		 0 0 0 0 1 
92 36		 0 0 0 0 1 
92 78		 0 0 0 1 0 
92 68		 0 0 1 0 0 
92 51		 0 0 1 0 0 
92 12		 0 0 0 0 1 
92 60		 0 0 0 1 0 
92 22		 1 0 0 0 0 
92 24		 1 0 0 0 0 
92 79		 1 0 0 0 0 
92 48		0 0 0 1 0 
92 37		0 1 0 0 0 
92 9		0 1 0 0 0 
92 1		0 1 0 0 0 
93 87		 0 0 0 0 1 
93 97		 0 0 1 0 0 
93 10		 0 0 1 0 0 
93 4		 0 1 0 0 0 
93 1		 0 1 0 0 0 
93 59		 0 0 0 1 0 
93 13		 1 0 0 0 0 
93 11		 1 0 1 0 0 
93 12		 0 0 0 0 1 
93 52		 1 0 0 0 0 
94 13		 0 0 0 1 0 
94 58		 0 0 1 0 0 
94 31		 0 0 0 1 0 
94 19		 0 0 0 0 1 
94 29		 0 0 0 0 1 
94 49		 1 0 0 0 0 
94 -9999		 
94 52		 0 1 0 0 0 
94 88		 0 1 0 0 0 
94 -9999		 
95 53		 0 0 0 0 1 
95 72		 0 0 0 0 1 
95 40		 0 1 0 0 0 
95 26		 0 1 0 0 0 
95 3		 0 0 0 1 0 
95 22		 0 0 0 1 0 
95 -9999		 
95 -9999		 
95 2		 1 0 0 0 0 
95 85		 1 0 0 0 0 
96 43		 0 0 1 0 0 
96 21		 0 0 0 1 0 
96 -9999		 
96 -9999		 
96 51		 1 0 0 0 0 
96 98		 1 0 0 0 0 
96 14		 0 0 1 0 0 
96 37		 1 0 0 1 0 
96 -9999		 
96 -9999		 
97 6		 1 0 0 0 0 
97 93		 0 0 1 0 0 
97 55		 0 0 1 0 0 
97 66		 1 0 0 0 0 
97 4		 0 0 0 1 0 
97 90		 0 0 0 0 1 
97 33		 1 0 0 0 0 
97 27		 1 0 0 0 0 
97 91		 0 1 0 0 0 
97 80		 0 1 0 0 0 
97 54		0 0 0 0 1 
97 42		0 0 0 0 1 
97 13		0 0 0 0 1 
97 49		0 0 1 0 0 
97 28		0 0 1 0 0 
97 75		0 1 0 0 0 
97 41		0 1 0 0 0 
98 37		 0 0 0 1 0 
98 58		 0 0 0 1 0 
98 4		 0 1 0 0 0 
98 69		 0 0 0 1 0 
98 99		 0 0 0 0 1 
98 13		 1 0 0 0 0 
98 35		 1 0 0 0 0 
98 96		 1 0 0 0 0 
98 100		 1 0 0 0 0 
98 61		 0 1 0 0 0 
98 5		0 0 0 1 0 
98 84		0 1 0 0 0 
99 3		 0 1 0 0 0 
99 74		 0 0 0 1 0 
99 98		 0 0 0 0 1 
99 45		 0 1 0 0 0 
99 1		 1 0 0 0 0 
99 82		 1 0 0 0 0 
99 41		 0 1 0 0 0 
99 87		 0 0 0 0 1 
99 57		 0 0 0 0 1 
99 34		 0 0 0 0 1 
99 60		0 0 0 1 0 
99 36		0 0 0 1 0 
99 25		0 0 0 1 0 
99 15		0 0 0 1 0 
99 4		0 0 0 1 0 
100 61		 0 0 0 0 1 
100 56		 0 0 1 0 0 
100 32		 0 0 0 0 1 
100 24		 0 1 0 0 0 
100 18		 0 1 0 0 0 
100 16		 0 0 1 0 0 
100 75		 0 0 0 1 0 
100 98		 1 0 0 0 0 
100 77		 0 0 0 1 0 
100 49		 1 0 0 0 0 
100 20		0 0 0 0 1 
