1 10000 0 4000
2 10000 0 8000
3 10000 0 12000
4 10000 0 16000
5 10000 0 20000
6 10000 0 24000
7 10000 1 27999
8 10000 11 31989
9 10000 20 35978
10 10000 40 39958
11 10000 80 43918
12 10000 148 47848
13 10000 281 51713
14 10000 475 55517
15 10000 775 59213
16 10000 1168 62818
17 10000 1664 66322
18 10000 2352 69634
19 10000 3149 72835
20 10000 4208 75768
21 10000 5455 78511
22 10000 6919 81043
23 10000 8610 83344
24 10000 10443 85509
25 10000 12520 87428
26 10000 12573 87379
27 10000 12586 87372
28 10000 12597 87361
29 10000 12494 87462
30 10000 12486 87466
31 10000 12520 87432
32 10000 12494 87460
33 10000 12519 87435
34 10000 12611 87345
35 10000 12598 87356
36 10000 12668 87286
37 10000 12637 87313
38 10000 12556 87398
39 10000 12570 87386
40 10000 12614 87350
41 10000 12669 87293
42 10000 12622 87340
43 10000 12522 87436
44 10000 12497 87461
45 10000 12441 87523
46 10000 12411 87553
47 10000 12428 87536
48 10000 12407 87555
49 10000 12458 87504
50 10000 12452 87510
51 10000 12479 87483
52 10000 12409 87543
53 10000 12464 87490
54 10000 12442 87512
55 10000 12441 87511
56 10000 12444 87510
57 10000 12471 87483
58 10000 12439 87513
59 10000 12408 87552
60 10000 12373 87585
61 10000 12374 87582
62 10000 12345 87603
63 10000 12399 87547
64 10000 12424 87524
65 10000 12443 87507
66 10000 12488 87464
67 10000 12407 87547
68 10000 12396 87558
69 10000 12347 87613
70 10000 12345 87613
71 10000 12316 87642
72 10000 12318 87640
73 10000 12351 87607
74 10000 12302 87658
75 10000 12319 87643
76 10000 12298 87668
77 10000 12385 87579
78 10000 12388 87576
79 10000 12474 87488
80 10000 12494 87472
81 10000 12514 87448
82 10000 12473 87487
83 10000 12572 87386
84 10000 12613 87343
85 10000 12619 87337
86 10000 12671 87289
87 10000 12643 87315
88 10000 12682 87276
89 10000 12673 87283
90 10000 12638 87318
91 10000 12686 87268
92 10000 12621 87339
93 10000 12594 87370
94 10000 12563 87403
95 10000 12567 87399
96 10000 12634 87330
97 10000 12585 87373
98 10000 12618 87326
99 10000 12603 87343
100 10000 12578 87370
