1 4000 0 0 0
2 4000 0 0 0
3 4000 0 0 0
4 4000 0 0 0
5 4000 0 0 0
6 4000 0 0 0
7 3999 0 1 0
8 3990 0 10 0
9 3989 0 9 0
10 3980 0 20 0
11 3960 0 40 0
12 3930 0 68 0
13 3865 0 133 0
14 3804 0 194 0
15 3696 0 300 0
16 3605 0 393 0
17 3504 0 496 0
18 3312 0 688 0
19 3201 0 797 0
20 2933 0 1059 0
21 2743 0 1247 0
22 2532 0 1464 0
23 2301 0 1691 0
24 2165 0 1833 0
25 1919 0 2077 0
26 1776 3996 2224 0
27 1750 3992 2248 0
28 1774 3996 2222 0
29 1811 3998 2185 0
30 1735 3998 2259 0
31 1714 3996 2282 0
32 1723 3994 2273 0
33 1734 3994 2266 6
34 1661 3989 2335 5
35 1755 3986 2243 14
36 1653 3972 2339 20
37 1739 3964 2255 34
38 1756 3928 2244 68
39 1686 3897 2310 97
40 1699 3869 2295 117
41 1673 3860 2325 140
42 1719 3801 2275 193
43 1757 3744 2237 254
44 1750 3724 2248 274
45 1756 3667 2244 327
46 1742 3683 2256 315
47 1707 3660 2291 338
48 1696 3660 2300 338
49 1730 3730 2266 266
50 1720 3770 2274 224
51 1702 3854 2294 142
52 1750 3817 2236 179
53 1712 3832 2286 164
54 1772 3835 2226 163
55 1751 3817 2247 183
56 1769 3806 2227 188
57 1756 3811 2242 187
58 1780 3792 2214 204
59 1741 3776 2255 212
60 1764 3821 2234 179
61 1687 3802 2307 194
62 1748 3796 2242 202
63 1692 3788 2304 210
64 1732 3809 2268 189
65 1710 3762 2288 234
66 1712 3818 2288 180
67 1761 3789 2235 205
68 1752 3798 2244 198
69 1802 3775 2198 219
70 1749 3762 2243 232
71 1720 3763 2276 233
72 1726 3772 2272 226
73 1675 3805 2321 191
74 1725 3747 2275 251
75 1692 3781 2304 213
76 1702 3759 2298 237
77 1663 3779 2333 219
78 1717 3785 2279 211
79 1714 3798 2282 200
80 1733 3800 2267 196
81 1718 3811 2276 187
82 1730 3799 2266 199
83 1703 3812 2291 184
84 1744 3785 2252 213
85 1709 3792 2289 206
86 1665 3779 2333 215
87 1756 3778 2242 222
88 1728 3810 2272 190
89 1717 3788 2279 210
90 1763 3780 2235 218
91 1668 3811 2324 183
92 1751 3760 2247 232
93 1719 3783 2281 213
94 1760 3788 2240 210
95 1713 3812 2285 186
96 1690 3769 2306 229
97 1771 3759 2223 241
98 1719 3775 2267 225
99 1725 3766 2275 232
100 1727 3761 2271 235
