1 10000 0 10000
2 10000 0 20000
3 10000 2 29996
4 10000 44 39954
5 10000 232 49766
6 10000 735 59261
7 10000 1907 68087
8 10000 4110 75876
9 10000 7560 82424
10 10000 12358 87622
11 10000 12352 87632
12 10000 12373 87603
13 10000 12424 87550
14 10000 12422 87544
15 10000 12576 87384
16 10000 12601 87357
17 10000 12585 87373
18 10000 12558 87394
19 10000 12655 87301
20 10000 12690 87260
21 10000 12648 87300
22 10000 12704 87252
23 10000 12693 87265
24 10000 12682 87274
25 10000 12700 87254
26 10000 12614 87346
27 10000 12676 87284
28 10000 12721 87237
29 10000 12712 87252
30 10000 12681 87293
31 10000 12500 87478
32 10000 12493 87487
33 10000 12546 87426
34 10000 12513 87463
35 10000 12466 87502
36 10000 12552 87416
37 10000 12573 87395
38 10000 12523 87449
39 10000 12552 87420
40 10000 12454 87512
41 10000 12603 87359
42 10000 12579 87397
43 10000 12611 87355
44 10000 12560 87402
45 10000 12533 87425
46 10000 12418 87536
47 10000 12382 87570
48 10000 12379 87573
49 10000 12322 87626
50 10000 12522 87428
51 10000 12593 87363
52 10000 12568 87386
53 10000 12618 87344
54 10000 12585 87381
55 10000 12565 87399
56 10000 12506 87452
57 10000 12459 87505
58 10000 12387 87565
59 10000 12399 87557
60 10000 12432 87532
61 10000 12379 87587
62 10000 12337 87629
63 10000 12394 87566
64 10000 12337 87623
65 10000 12365 87599
66 10000 12362 87604
67 10000 12398 87568
68 10000 12460 87496
69 10000 12474 87474
70 10000 12568 87388
71 10000 12554 87406
72 10000 12590 87366
73 10000 12527 87433
74 10000 12479 87483
75 10000 12439 87525
76 10000 12470 87498
77 10000 12529 87439
78 10000 12403 87563
79 10000 12465 87499
80 10000 12423 87543
81 10000 12501 87461
82 10000 12550 87398
83 10000 12539 87409
84 10000 12533 87417
85 10000 12604 87346
86 10000 12598 87358
87 10000 12562 87396
88 10000 12561 87401
89 10000 12618 87340
90 10000 12538 87406
91 10000 12552 87390
92 10000 12504 87442
93 10000 12417 87529
94 10000 12452 87492
95 10000 12399 87541
96 10000 12433 87509
97 10000 12423 87515
98 10000 12369 87569
99 10000 12506 87444
100 10000 12451 87497
