1 10000 0 0 0
2 10000 0 0 0
3 9996 0 2 0
4 9958 0 42 0
5 9812 0 188 0
6 9495 0 503 0
7 8826 0 1172 0
8 7789 0 2203 0
9 6548 0 3450 0
10 5198 0 4798 0
11 3975 9992 6021 0
12 3978 9996 6010 0
13 3916 9992 6076 2
14 4009 9977 5981 21
15 3868 9911 6122 85
16 3934 9783 6054 207
17 3990 9586 6002 406
18 4048 9295 5938 697
19 3919 9084 6075 906
20 3952 9188 6036 806
21 3973 9474 6019 520
22 3917 9452 6075 532
23 4008 9454 5986 538
24 3964 9451 6022 537
25 3929 9392 6059 598
26 3961 9413 6033 575
27 3980 9416 6010 574
28 3939 9386 6053 608
29 3958 9367 6038 623
30 4045 9375 5951 611
31 4100 9397 5892 591
32 4026 9395 5966 595
33 3993 9437 5999 563
34 4026 9389 5966 599
35 4000 9420 5988 576
36 3909 9404 6087 592
37 3969 9365 6025 629
38 3994 9404 6002 588
39 4010 9421 5984 573
40 3995 9427 5993 567
41 3827 9448 6159 542
42 3930 9388 6064 592
43 3931 9445 6053 549
44 4041 9431 5949 563
45 4050 9378 5940 616
46 4038 9439 5950 553
47 3973 9415 6021 581
48 3939 9417 6049 571
49 3987 9406 6001 586
50 3812 9424 6184 570
51 3977 9359 6009 621
52 4003 9376 5985 614
53 3951 9425 6039 557
54 4007 9441 5985 547
55 4006 9423 5984 569
56 4071 9415 5915 577
57 4069 9380 5929 612
58 4011 9414 5971 580
59 3919 9384 6077 608
60 3917 9359 6077 627
61 4013 9403 5975 583
62 4076 9434 5914 556
63 3952 9453 6038 543
64 3929 9412 6063 580
65 3939 9427 6051 559
66 3992 9447 6004 547
67 3994 9422 5998 570
68 3959 9488 6029 510
69 3941 9420 6047 576
70 3913 9437 6081 549
71 3980 9408 6014 582
72 3915 9404 6069 584
73 3968 9383 6020 601
74 4010 9464 5980 524
75 3999 9433 5995 559
76 4041 9461 5953 529
77 3938 9424 6052 566
78 3999 9325 5989 665
79 4009 9420 5977 568
80 4009 9368 5983 622
81 3940 9384 6050 610
82 3869 9463 6113 533
83 4045 9425 5947 567
84 3988 9405 6006 587
85 3957 9462 6035 530
86 4000 9387 5996 603
87 3996 9408 5994 580
88 4014 9398 5974 586
89 3940 9359 6052 637
90 4039 9427 5937 563
91 3974 9383 6008 601
92 4036 9431 5958 559
93 4069 9396 5925 598
94 4023 9399 5963 589
95 4038 9402 5948 588
96 3977 9424 6009 560
97 4073 9441 5913 549
98 4042 9394 5946 594
99 3962 9400 6030 580
100 3995 9404 5995 588
