1 5
1 86
1 6
1 23
1 2
1 22
1 3
1 26
1 57
1 4
1 271
1 12
1 349
1 16
1 132
1 20
1 11
1 19
1 166
1 8
1 14
1 610
1 750
1 25
1 108
1 151
1 28
1 65
1 9
1 955
1 442
1 27
1 134
1 377
1 84
1 103
1 120
1 181
1 18
1 803
1 74
1 17
1 21
1 32
1 82
1 87
1 154
1 10
1 13
1 7
1 72
1 482
1 55
1 61
1 88
1 119
1 44
1 269
1 110
1 268
1 114
1 63
1 131
1 683
1 138
1 47
1 157
1 64
1 530
1 545
1 454
1 551
1 248
1 870
2 22
2 240
2 51
2 26
2 94
2 23
2 3
2 871
2 20
2 5
2 25
2 89
2 28
2 54
2 10
2 34
2 15
2 13
2 6
2 17
2 198
2 67
2 88
2 140
2 96
2 4
2 12
2 214
2 111
2 118
2 31
2 125
2 18
2 163
2 27
2 43
2 238
2 75
2 900
2 24
2 157
2 139
2 116
2 9
2 473
2 100
2 8
2 46
2 741
2 49
2 33
2 684
2 29
2 144
2 915
2 149
2 39
2 76
2 241
2 305
2 47
2 797
2 14
2 52
2 143
2 95
2 303
2 7
2 580
2 58
2 718
2 42
2 562
2 19
2 147
2 109
2 362
2 573
2 706
2 427
2 56
2 323
2 836
2 73
2 110
2 485
2 213
2 37
2 777
2 172
2 61
2 69
2 669
2 74
2 124
2 446
2 376
2 98
2 40
2 30
2 48
2 450
2 724
2 578
2 11
2 115
2 312
2 106
2 813
2 200
2 277
2 199
2 117
2 16
2 63
2 21
2 32
2 318
2 71
2 173
2 855
2 293
2 38
2 128
2 655
2 372
2 83
2 396
2 271
2 231
2 712
2 41
2 487
2 230
2 64
2 86
2 622
2 671
2 36
2 591
2 79
2 255
2 72
2 457
2 830
2 466
2 126
2 381
2 543
2 120
2 754
2 104
2 45
2 216
2 136
2 258
2 679
2 226
2 107
2 87
3 38
3 8
3 215
3 28
3 9
3 86
3 73
3 454
3 56
3 54
3 5
3 792
3 19
3 213
3 4
3 18
3 14
3 850
3 456
3 113
3 6
3 141
3 7
3 10
3 195
3 531
3 374
3 11
3 106
3 53
3 16
3 359
3 17
3 188
3 83
3 97
3 12
3 581
3 22
3 15
3 974
3 66
3 989
3 180
3 55
3 673
3 579
3 33
3 985
3 24
3 270
3 39
3 40
3 147
3 225
3 77
3 336
3 50
3 36
3 196
3 79
3 25
3 421
3 44
3 296
3 400
3 58
3 61
3 330
3 515
3 633
3 807
3 356
3 31
3 104
3 342
3 556
3 205
3 23
3 587
3 20
3 59
3 506
3 96
3 227
3 145
3 246
3 199
3 221
3 127
3 140
3 253
3 517
3 212
3 604
3 387
3 46
3 176
3 328
3 643
3 41
3 158
3 27
3 122
3 70
3 157
3 155
3 322
3 599
3 88
3 194
3 13
3 91
4 111
4 5
4 7
4 13
4 284
4 353
4 6
4 63
4 454
4 35
4 100
4 50
4 92
4 299
4 74
4 45
4 395
4 15
4 561
4 58
4 648
4 27
4 322
4 9
4 187
4 8
4 47
4 160
4 972
4 29
4 814
4 224
4 10
4 80
4 112
4 403
4 174
4 418
4 200
4 183
4 17
4 157
4 69
4 43
4 89
4 195
4 14
4 446
4 367
4 862
4 185
4 23
4 133
4 162
4 49
4 18
4 251
4 246
4 56
4 28
4 356
4 260
4 38
4 53
4 48
4 108
4 20
4 936
4 544
4 22
4 593
4 55
4 11
4 34
4 97
4 30
4 71
5 228
5 107
5 11
5 8
5 416
5 15
5 405
5 999
5 22
5 26
5 845
5 17
5 12
5 293
5 37
5 634
5 115
5 24
5 764
5 317
5 6
5 31
5 9
5 652
5 7
5 16
5 94
5 59
5 27
5 152
5 58
5 413
5 93
5 57
5 10
5 30
5 537
5 193
5 62
5 50
5 77
5 13
5 510
5 214
5 20
5 579
5 691
5 43
5 75
5 14
5 377
6 7
6 49
6 666
6 85
6 76
6 806
6 132
6 86
6 11
6 253
6 837
6 8
6 234
6 860
6 23
6 17
6 152
6 14
6 37
6 27
6 205
6 13
6 46
6 295
6 21
6 42
6 674
6 35
6 63
6 99
6 9
6 593
6 26
6 207
6 223
6 10
6 479
6 69
6 724
6 20
6 15
6 117
6 430
6 403
6 144
6 559
6 12
6 383
6 260
7 13
7 27
7 775
7 9
7 96
7 38
7 63
7 120
7 933
7 16
7 8
7 143
7 12
7 161
7 136
7 64
7 60
7 554
7 20
7 213
7 531
7 157
7 809
7 23
7 29
7 199
7 256
7 67
7 90
7 56
7 102
7 39
7 47
7 22
7 11
7 856
8 32
8 23
8 14
8 98
8 304
8 24
8 101
8 15
8 19
8 31
8 56
8 10
8 9
8 94
8 302
8 108
8 11
8 207
8 749
8 37
8 25
8 632
8 53
8 13
8 63
8 677
8 114
8 140
8 670
9 14
9 182
9 13
9 220
9 322
9 18
9 19
9 23
9 11
9 454
9 112
9 140
9 432
9 781
9 62
9 966
9 107
9 116
9 70
9 10
9 95
9 83
9 40
9 371
9 591
9 38
9 136
9 333
9 839
9 228
9 292
9 48
10 14
10 23
10 168
10 507
10 54
10 156
10 17
10 15
10 58
10 38
10 63
10 149
10 323
10 76
10 175
10 19
10 30
10 388
10 537
10 159
10 11
11 157
11 198
11 50
11 17
11 835
11 424
11 12
11 750
11 13
11 33
11 29
11 57
11 59
11 734
11 32
11 85
11 99
11 24
11 47
11 173
12 17
12 143
12 57
12 45
12 352
12 13
12 412
12 69
12 498
12 970
12 991
12 65
12 297
12 370
12 62
12 24
12 15
12 917
12 994
12 49
12 36
12 151
12 167
12 75
13 50
13 79
13 21
13 29
13 51
13 15
13 296
13 762
13 741
13 307
13 623
13 48
13 524
13 23
13 109
13 788
13 662
13 95
14 76
14 15
14 36
14 22
14 617
14 51
14 30
14 118
14 191
14 314
14 69
14 354
14 151
14 178
14 37
14 491
14 199
14 805
14 49
14 21
14 46
14 18
15 29
15 373
15 380
15 379
15 47
15 44
15 22
15 18
15 76
15 17
15 157
16 38
16 19
16 733
16 65
16 98
16 25
17 192
17 82
17 95
17 32
17 34
17 533
17 709
17 20
17 63
17 23
17 124
17 164
17 118
18 102
18 99
18 75
18 59
18 36
18 536
18 93
18 202
18 30
19 48
19 84
19 41
19 21
19 53
19 106
19 49
19 23
19 45
19 42
19 180
20 444
20 40
20 681
20 623
20 114
20 28
21 59
21 37
21 113
21 33
21 27
21 71
21 136
21 297
22 571
22 214
22 373
22 30
22 132
22 237
22 355
22 45
22 37
23 50
23 313
23 34
23 85
23 37
23 988
24 43
25 192
25 906
25 283
25 117
26 294
26 110
26 783
26 249
27 54
27 100
27 303
27 75
27 113
27 40
27 28
28 48
28 69
28 52
28 746
28 40
28 338
28 53
29 31
29 639
29 34
30 48
31 325
31 275
31 298
31 730
31 550
31 177
31 578
31 337
31 135
32 54
32 291
32 162
32 522
32 999
33 84
33 75
33 672
33 47
33 71
33 138
33 131
33 108
33 300
33 226
33 257
34 184
34 130
35 297
35 613
35 39
35 240
35 544
36 42
36 482
36 91
36 350
36 180
36 97
36 347
36 222
37 136
37 152
37 59
38 171
39 77
39 273
39 574
40 96
40 584
41 63
41 43
41 116
41 806
42 293
42 257
42 134
44 440
44 97
44 110
44 79
45 435
45 633
45 47
45 316
45 213
45 153
46 300
46 53
47 192
47 210
47 252
47 934
47 579
48 245
48 220
49 365
49 128
50 179
52 287
52 542
54 71
55 199
56 112
56 63
56 147
57 180
58 101
59 414
59 88
59 469
60 483
61 702
61 127
61 292
61 119
62 133
62 127
62 74
62 185
64 622
68 94
68 369
68 118
69 180
69 88
70 531
70 78
71 161
71 100
73 85
74 206
75 310
75 94
75 114
78 240
79 81
80 306
81 500
81 94
82 773
83 504
84 575
84 456
85 133
85 616
86 703
89 586
91 359
93 127
93 212
93 807
97 495
102 961
108 142
108 272
110 238
110 632
115 304
118 198
120 759
126 187
132 320
133 305
142 426
158 856
158 687
163 919
165 387
186 427
190 925
193 844
218 961
226 731
234 738
235 303
238 601
247 443
252 341
255 377
266 486
269 771
288 831
296 526
310 482
319 415
338 669
361 424
364 389
406 849
413 523
550 986
577 614
591 714
761 862
