1 28
1 5
1 9
1 503
1 17
1 10
1 493
1 2
1 727
1 6
1 3
1 73
1 78
1 7
1 35
1 8
1 34
1 155
1 174
1 4
1 53
1 104
1 226
1 645
1 217
1 68
1 37
1 63
1 11
1 543
1 406
1 110
1 18
1 237
1 178
1 135
1 26
1 132
1 97
1 267
1 378
1 14
1 24
1 505
1 33
1 25
1 19
1 140
1 203
1 32
1 69
1 23
1 15
1 634
1 22
1 47
1 65
1 80
1 101
1 177
1 105
1 286
1 41
1 45
1 21
1 867
1 724
1 12
1 29
1 599
1 76
1 74
1 405
1 54
1 72
1 282
1 113
1 96
1 79
1 98
1 42
1 878
1 46
1 16
1 57
1 130
1 168
1 288
1 20
1 349
1 43
1 360
1 323
1 521
1 746
1 103
1 61
1 86
1 152
1 64
1 418
1 202
1 345
1 112
1 52
1 614
1 564
1 31
1 71
1 357
1 55
1 13
1 291
1 191
1 788
1 111
1 127
1 290
1 39
1 36
1 329
1 220
1 307
1 520
1 109
1 161
1 829
1 87
1 49
1 869
1 752
1 433
1 702
1 158
1 166
1 128
1 410
1 27
1 565
1 415
1 165
1 40
1 274
1 473
1 60
1 855
1 821
1 273
1 90
1 117
1 259
1 83
1 627
1 306
1 299
1 309
1 308
1 44
1 30
1 66
1 311
1 70
1 425
1 336
1 930
1 171
1 85
1 82
1 213
2 4
2 10
2 785
2 61
2 82
2 3
2 6
2 9
2 5
2 17
2 11
2 14
2 111
2 13
2 20
2 419
2 74
2 25
2 176
2 467
2 829
2 7
2 479
2 36
2 8
2 370
2 12
2 961
2 366
2 770
2 152
2 64
2 165
2 22
2 239
2 615
2 97
2 43
2 63
2 994
2 19
2 21
2 496
2 117
2 126
2 321
2 69
2 631
2 224
2 368
2 71
2 612
2 155
2 15
2 24
2 157
2 178
2 291
2 18
2 300
2 31
2 75
2 163
2 29
2 820
2 90
2 109
2 98
2 137
2 348
2 814
2 244
2 37
2 79
2 201
2 77
2 49
2 54
2 118
2 33
2 901
2 135
2 635
2 120
2 55
2 85
2 48
2 206
2 94
2 159
2 59
2 102
2 169
2 214
2 34
2 27
2 81
2 862
2 78
2 781
2 369
2 311
2 194
2 39
2 40
2 35
2 28
2 146
2 56
2 402
2 150
2 218
2 60
2 272
2 32
2 253
2 442
2 752
2 38
2 661
2 80
2 103
2 46
2 323
2 57
2 394
2 16
2 121
2 554
2 72
2 26
2 50
2 255
2 477
2 168
2 175
2 764
2 977
2 23
2 53
2 290
2 92
2 172
2 803
2 268
2 164
2 576
2 144
2 280
2 494
2 485
2 62
2 203
2 313
2 766
2 44
2 93
2 151
2 66
2 174
2 51
2 99
2 130
2 355
2 583
2 329
2 807
2 763
2 622
2 501
2 100
2 367
2 101
2 457
2 507
2 528
2 692
2 740
2 432
2 52
2 391
2 116
2 47
2 549
2 73
2 721
2 199
2 42
2 104
2 614
2 636
2 241
2 30
2 276
2 173
2 262
2 413
2 868
2 302
2 115
2 552
2 96
2 128
2 114
2 166
2 182
2 905
2 336
2 86
2 88
2 299
2 746
2 112
2 344
2 556
2 187
2 153
2 258
2 131
2 91
2 273
2 68
2 124
2 293
2 207
2 274
2 265
2 580
2 122
2 702
2 433
2 379
2 67
2 649
2 416
2 160
2 171
2 817
2 95
2 712
2 877
2 123
2 294
2 65
2 213
2 397
2 190
2 87
2 970
2 351
2 466
2 180
2 363
2 599
2 345
2 58
2 185
2 76
2 142
2 517
2 911
2 423
2 149
2 497
2 489
2 409
2 145
2 603
2 287
2 106
2 609
2 161
2 697
2 461
2 565
2 156
2 418
2 656
2 963
2 195
2 125
2 749
2 186
2 108
2 141
2 328
2 431
2 292
2 110
2 215
2 381
2 349
2 263
2 233
2 189
2 415
2 251
2 84
2 45
2 193
2 758
2 256
2 802
2 212
2 216
2 223
2 133
2 279
2 257
2 430
2 198
2 275
3 8
3 19
3 716
3 6
3 36
3 75
3 53
3 59
3 9
3 510
3 28
3 24
3 10
3 15
3 7
3 23
3 42
3 145
3 902
3 184
3 27
3 66
3 251
3 20
3 21
3 63
3 16
3 13
3 73
3 32
3 307
3 500
3 4
3 34
3 448
3 100
3 171
3 17
3 144
3 778
3 173
3 33
3 151
3 40
3 69
3 203
3 50
3 12
3 43
3 965
3 51
3 180
3 285
3 18
3 45
3 130
3 5
3 84
3 502
3 487
3 22
3 11
3 616
3 37
3 322
3 552
3 80
3 131
3 116
3 25
3 340
3 109
3 139
3 357
3 359
3 41
3 337
3 93
3 123
3 155
3 61
3 231
3 94
3 164
3 148
3 76
3 58
3 371
3 126
3 702
3 115
3 136
3 82
3 927
3 44
3 736
3 955
3 559
3 85
3 14
3 458
3 598
3 174
3 954
3 454
3 196
3 111
3 62
3 211
3 150
3 79
3 142
3 74
3 96
3 106
3 86
3 38
3 88
3 745
3 107
3 29
3 156
3 344
3 647
3 47
3 188
3 147
3 302
3 35
3 105
3 46
3 562
3 161
3 227
3 125
3 684
3 91
3 60
3 627
3 373
3 240
3 236
3 178
3 31
3 192
3 476
3 39
3 988
3 104
3 408
3 385
3 994
3 99
3 114
3 162
3 305
3 49
3 26
3 64
3 922
3 601
3 30
3 792
3 77
3 146
3 124
3 81
3 68
3 191
3 72
3 244
3 681
3 67
3 857
3 160
3 769
3 626
3 220
3 662
3 95
3 141
3 381
3 182
3 317
3 122
3 273
3 336
3 540
3 121
3 286
3 70
3 431
3 140
3 208
3 55
3 889
3 57
3 108
3 90
4 73
4 43
4 896
4 152
4 7
4 724
4 102
4 41
4 83
4 28
4 23
4 535
4 47
4 16
4 8
4 961
4 89
4 5
4 10
4 6
4 868
4 179
4 21
4 15
4 32
4 13
4 20
4 27
4 826
4 113
4 65
4 137
4 115
4 26
4 579
4 51
4 62
4 420
4 455
4 130
4 48
4 18
4 944
4 577
4 24
4 470
4 120
4 242
4 33
4 12
4 9
4 426
4 402
4 881
4 272
4 100
4 238
4 56
4 29
4 67
4 11
4 138
4 39
4 154
4 281
4 796
4 22
4 156
4 319
4 97
4 144
4 296
4 25
4 424
4 85
4 418
4 87
4 90
4 212
4 146
4 208
4 46
4 75
4 94
4 441
4 427
4 44
4 110
4 460
4 262
4 37
4 161
4 498
4 63
4 528
4 71
4 58
4 17
4 380
4 49
4 121
4 70
4 273
4 14
4 91
4 35
4 537
4 64
4 611
4 255
4 195
4 105
4 329
4 390
4 688
4 69
4 773
4 702
4 92
4 157
4 389
4 109
4 218
4 451
4 324
4 52
4 818
4 583
4 227
4 34
4 792
4 617
4 258
4 79
4 57
4 494
4 462
4 198
4 263
4 209
4 148
4 36
4 61
4 153
4 184
4 19
4 74
4 189
4 235
4 117
4 80
4 780
4 142
4 168
4 507
4 852
4 326
4 81
4 141
4 173
4 234
4 260
4 322
4 86
4 201
4 845
4 68
4 167
4 84
4 103
4 886
5 28
5 261
5 27
5 8
5 7
5 147
5 123
5 269
5 24
5 11
5 30
5 21
5 16
5 6
5 25
5 26
5 320
5 74
5 20
5 871
5 993
5 51
5 471
5 645
5 92
5 103
5 574
5 79
5 365
5 161
5 58
5 82
5 34
5 540
5 23
5 12
5 388
5 209
5 146
5 187
5 32
5 13
5 86
5 46
5 66
5 61
5 52
5 90
5 40
5 19
5 9
5 106
5 65
5 176
5 71
5 10
5 67
5 339
5 14
5 383
5 386
5 53
5 99
5 18
5 78
5 379
5 186
5 403
5 22
5 462
5 432
5 116
5 390
5 238
5 17
5 233
5 38
5 412
5 861
5 809
5 152
5 357
5 287
5 130
5 301
5 15
5 194
5 95
5 325
5 429
5 757
5 351
5 31
5 145
5 47
5 33
5 791
5 950
5 302
5 681
5 605
5 45
5 614
5 175
5 29
5 93
5 35
5 119
5 54
5 135
5 72
5 94
5 313
5 599
5 77
5 197
5 205
5 193
5 144
6 12
6 64
6 262
6 103
6 395
6 20
6 74
6 31
6 18
6 11
6 36
6 49
6 13
6 56
6 229
6 28
6 219
6 59
6 461
6 63
6 713
6 24
6 14
6 281
6 7
6 17
6 114
6 15
6 50
6 10
6 22
6 9
6 129
6 61
6 8
6 253
6 130
6 78
6 89
6 470
6 26
6 954
6 16
6 232
6 236
6 21
6 23
6 370
6 66
6 68
6 55
6 439
6 325
6 33
6 29
6 47
6 19
6 102
6 334
6 996
6 486
6 259
6 141
6 223
6 39
6 209
6 27
6 106
6 901
6 286
6 46
6 784
6 40
6 81
6 489
6 150
6 755
6 111
6 42
6 725
6 214
6 101
6 30
6 37
6 25
6 136
6 838
6 157
6 38
6 333
6 246
6 76
6 383
7 45
7 766
7 14
7 216
7 12
7 57
7 100
7 11
7 270
7 10
7 58
7 570
7 29
7 355
7 78
7 109
7 23
7 20
7 19
7 806
7 41
7 925
7 8
7 46
7 21
7 517
7 18
7 132
7 828
7 134
7 33
7 96
7 34
7 365
7 63
7 27
7 113
7 106
7 82
7 92
7 24
7 9
7 36
7 560
7 339
7 32
7 15
7 37
7 54
7 144
7 214
7 103
7 150
7 26
7 516
7 43
7 42
7 80
7 730
7 849
7 446
7 229
7 48
7 44
7 30
7 62
7 22
7 184
7 13
7 60
7 49
7 352
7 39
7 212
7 323
7 248
7 168
7 156
7 631
7 53
7 68
7 97
7 601
7 259
7 183
7 213
7 25
7 94
7 131
7 56
7 16
7 226
7 230
8 13
8 144
8 738
8 161
8 12
8 132
8 96
8 167
8 11
8 362
8 20
8 407
8 52
8 28
8 134
8 740
8 34
8 585
8 29
8 25
8 9
8 529
8 354
8 21
8 243
8 62
8 754
8 107
8 22
8 27
8 46
8 118
8 422
8 119
8 59
8 474
8 16
8 181
8 55
8 332
8 92
8 375
8 680
8 39
8 194
8 15
8 32
8 140
8 685
8 10
8 124
8 18
8 23
8 14
8 202
8 217
8 368
8 257
8 110
8 378
8 108
8 224
8 475
8 256
8 33
8 35
8 73
8 197
8 48
8 94
8 338
8 53
8 442
8 17
8 89
8 31
8 840
8 373
8 42
9 26
9 70
9 125
9 33
9 10
9 23
9 21
9 132
9 71
9 11
9 78
9 13
9 42
9 519
9 331
9 445
9 25
9 295
9 178
9 46
9 220
9 195
9 120
9 86
9 213
9 66
9 29
9 24
9 17
9 88
9 54
9 255
9 317
9 952
9 36
9 577
9 15
9 221
9 84
9 263
9 27
9 867
9 610
9 77
9 302
9 12
9 187
9 257
9 14
9 208
9 58
9 100
9 101
9 18
9 19
9 16
9 40
9 97
9 315
9 48
9 231
9 635
9 93
9 20
9 650
9 670
9 31
9 375
10 805
10 26
10 123
10 22
10 42
10 19
10 96
10 91
10 576
10 17
10 74
10 153
10 103
10 83
10 713
10 144
10 77
10 12
10 35
10 44
10 203
10 46
10 52
10 36
10 65
10 385
10 352
10 133
10 30
10 492
10 421
10 92
10 655
10 60
10 63
10 21
10 25
10 529
10 34
10 151
10 97
10 14
10 110
10 54
10 268
10 253
10 59
10 16
10 72
10 985
10 61
10 94
10 178
10 170
10 474
11 20
11 42
11 64
11 15
11 39
11 14
11 171
11 47
11 56
11 134
11 16
11 92
11 309
11 19
11 18
11 27
11 205
11 30
11 82
11 12
11 40
11 736
11 129
11 496
11 21
11 65
11 247
11 77
11 32
11 46
11 311
11 54
11 151
11 246
11 321
11 31
11 927
11 41
11 25
11 173
11 17
11 170
11 83
11 451
11 13
12 44
12 76
12 20
12 18
12 415
12 495
12 17
12 21
12 160
12 103
12 71
12 157
12 35
12 16
12 110
12 109
12 193
12 33
12 932
12 14
12 15
12 101
12 597
12 52
12 635
12 131
12 57
12 351
12 968
12 19
12 180
12 13
12 48
12 273
12 68
12 940
12 30
12 486
13 503
13 26
13 109
13 39
13 749
13 76
13 25
13 45
13 177
13 22
13 107
13 207
13 15
13 29
13 157
13 595
13 398
13 44
13 367
13 516
13 132
13 32
13 284
13 48
13 18
13 24
13 144
13 28
13 646
13 79
13 23
13 36
13 35
13 610
13 46
13 225
13 55
13 60
13 165
13 21
14 178
14 226
14 56
14 290
14 78
14 316
14 17
14 80
14 18
14 47
14 79
14 34
14 982
14 249
14 303
14 406
14 263
14 44
14 95
14 588
14 36
14 110
14 252
14 26
14 852
14 39
14 145
14 103
14 63
14 973
14 119
14 917
14 16
14 186
14 51
15 67
15 22
15 43
15 268
15 435
15 252
15 156
15 23
15 60
15 89
15 26
15 68
15 76
15 280
15 31
15 16
15 46
15 200
15 539
15 248
15 78
15 127
15 20
15 604
15 778
15 21
15 593
15 797
15 17
15 300
15 42
15 133
15 965
15 227
16 234
16 123
16 238
16 26
16 89
16 17
16 378
16 92
16 25
16 32
16 37
16 18
16 276
16 111
16 281
16 501
16 38
16 43
16 864
16 672
16 19
16 35
16 63
16 78
16 27
16 167
16 220
16 61
16 348
16 255
16 494
16 108
17 247
17 25
17 41
17 33
17 502
17 28
17 107
17 37
17 38
17 420
17 139
17 32
17 203
17 18
17 46
17 93
17 91
17 114
17 252
17 34
17 275
17 764
17 120
17 104
18 78
18 30
18 83
18 113
18 118
18 562
18 20
18 26
18 358
18 138
18 289
18 90
18 956
18 577
18 31
18 140
18 49
18 48
18 28
18 19
18 38
18 114
18 652
18 485
19 21
19 150
19 32
19 97
19 581
19 135
19 162
19 87
19 70
19 226
19 500
19 48
19 33
19 932
19 40
19 117
19 28
19 133
19 151
19 883
19 396
19 379
19 22
19 218
19 132
19 122
19 24
20 35
20 166
20 41
20 355
20 908
20 126
20 187
20 171
20 143
20 34
20 96
20 211
20 95
20 203
20 426
20 642
21 66
21 45
21 134
21 73
21 23
21 22
21 25
21 887
21 244
21 59
21 484
21 239
21 306
22 29
22 836
22 363
22 986
22 139
22 355
22 39
22 440
22 119
22 26
22 417
22 336
22 27
22 646
22 51
22 498
22 319
22 59
22 197
22 514
23 32
23 57
23 28
23 68
23 198
23 65
23 625
23 233
23 115
23 603
23 540
23 145
23 838
23 61
23 732
23 49
24 54
24 25
24 34
24 109
24 48
24 27
24 77
24 40
24 135
24 87
24 41
24 464
24 121
24 308
25 55
25 47
25 46
25 247
25 39
25 187
25 26
25 93
25 580
25 76
25 327
25 691
25 240
25 60
25 81
25 132
26 319
26 28
26 42
26 65
26 173
26 62
26 928
26 36
26 128
26 108
26 59
26 107
26 665
26 54
26 939
26 719
26 141
26 313
26 923
26 193
27 29
27 818
27 63
27 55
27 28
27 166
27 31
27 91
27 114
27 625
27 694
27 526
27 379
27 74
27 307
27 69
27 776
27 199
28 60
28 55
28 503
28 456
28 58
28 116
28 77
29 51
29 147
29 36
29 107
29 299
29 42
29 272
29 70
29 35
29 106
29 32
29 201
29 128
29 34
29 178
30 75
30 39
30 750
30 54
30 480
30 234
30 389
30 49
30 133
30 337
30 384
31 65
31 721
31 984
31 377
31 135
31 373
31 181
31 123
31 32
32 46
32 128
32 898
32 54
32 37
32 945
32 41
32 80
33 158
33 212
33 47
33 40
33 70
33 304
33 192
33 175
34 286
34 43
34 39
34 45
34 371
34 40
34 38
34 114
34 77
34 66
34 830
35 47
35 153
35 658
35 52
35 329
35 481
35 196
35 48
35 191
36 50
36 64
36 269
36 860
36 57
36 886
36 403
36 100
36 580
36 77
36 215
36 121
36 144
36 851
36 226
37 847
37 114
37 124
37 213
37 57
37 351
37 103
37 144
37 210
37 65
37 62
38 44
38 54
38 462
38 62
38 532
38 556
38 371
38 219
38 59
38 269
38 284
38 457
39 664
39 83
39 183
39 364
39 250
39 118
40 471
40 170
40 154
40 945
40 89
40 117
40 42
40 134
40 68
40 304
40 94
40 167
40 53
40 552
41 66
41 69
41 56
41 317
41 267
42 179
42 372
42 137
42 461
42 161
42 255
42 634
42 64
43 268
43 955
43 93
43 169
43 51
43 65
43 286
43 96
43 139
43 196
43 210
43 148
44 90
44 227
44 226
44 73
44 213
45 183
45 683
45 912
45 95
45 301
45 371
46 121
46 313
46 47
46 199
47 558
47 53
47 931
47 88
47 56
47 531
47 122
48 578
48 264
48 604
48 693
49 121
49 165
49 412
49 52
49 299
50 618
50 348
50 399
50 158
52 132
52 151
52 958
53 86
53 626
53 154
53 265
53 67
53 499
53 111
54 231
54 423
54 57
54 142
54 434
54 104
54 478
54 172
55 107
55 89
55 569
56 184
56 183
56 116
56 95
56 751
56 64
56 834
57 60
57 123
57 967
57 131
57 58
57 121
58 96
58 936
58 174
58 280
59 551
59 382
59 181
59 364
59 109
60 401
60 159
60 418
61 424
62 70
62 300
62 840
63 115
63 715
63 387
64 835
64 570
64 181
64 214
64 247
64 79
64 184
64 97
65 426
65 243
66 89
67 749
67 459
68 258
68 277
68 364
68 113
68 103
70 79
71 91
71 525
71 114
71 771
71 287
71 425
71 207
71 72
72 121
72 135
72 125
73 557
73 790
73 156
73 206
74 81
74 586
74 344
75 586
77 704
77 531
77 168
77 124
78 156
80 674
81 130
81 256
81 89
82 484
82 101
83 94
83 407
83 315
84 190
85 324
85 715
85 266
85 129
86 305
86 93
87 295
88 967
89 526
89 431
90 542
90 103
90 301
90 108
90 523
90 526
91 142
91 467
91 230
92 316
93 313
93 339
94 244
95 947
95 619
95 692
96 805
96 340
97 822
97 137
97 710
97 531
98 619
98 425
98 112
98 511
98 610
99 288
99 230
99 101
100 610
100 769
101 371
101 380
101 688
101 710
102 108
102 113
102 166
103 501
103 881
104 492
104 968
104 863
104 503
106 683
106 140
106 139
106 380
108 160
109 549
111 385
112 773
113 143
114 190
114 158
116 601
116 141
116 156
117 380
118 271
119 395
119 432
119 171
120 625
120 319
121 302
121 198
122 332
122 482
122 849
123 362
124 757
124 506
124 290
125 198
127 159
128 212
131 535
131 515
132 144
133 246
133 410
134 391
134 214
134 151
135 329
135 626
144 282
145 816
145 677
146 218
148 330
150 275
150 537
151 290
151 659
153 366
153 232
153 156
154 587
155 277
157 887
158 616
158 670
161 227
161 460
161 404
163 666
166 343
173 178
173 736
181 400
184 296
187 631
187 273
188 471
192 197
192 864
197 201
206 479
210 380
211 340
220 719
220 974
221 803
222 337
222 386
223 468
224 933
226 676
230 345
230 713
231 241
231 874
235 246
236 358
237 357
237 637
238 285
242 313
243 327
244 627
246 316
248 394
258 600
259 303
262 792
268 888
272 534
273 452
278 481
279 553
286 338
289 771
291 957
298 613
300 319
301 358
304 927
305 806
307 316
307 812
312 403
316 389
322 383
324 622
325 345
333 341
335 978
337 368
340 513
345 819
348 448
364 555
373 669
375 787
378 433
396 593
397 786
409 936
413 443
413 434
415 529
423 838
424 616
435 584
462 811
475 510
538 753
540 881
580 777
581 1000
584 604
702 976
