1 14
1 8
1 222
1 6
1 33
1 4
1 2
1 988
1 5
1 17
1 3
1 31
1 83
1 316
1 74
1 20
1 288
1 116
1 10
1 29
1 9
1 57
1 121
1 23
1 547
1 90
1 190
1 46
1 7
1 15
1 41
1 16
1 92
1 53
1 18
1 70
1 12
1 425
1 507
1 52
1 125
1 89
1 477
1 59
1 21
1 559
1 230
1 34
1 11
1 252
1 489
1 22
1 294
1 287
1 19
1 264
1 13
1 44
1 175
1 24
1 99
1 36
1 189
1 148
1 113
1 677
1 484
1 132
1 479
1 292
1 61
1 607
1 110
1 124
1 217
1 883
1 79
1 268
1 68
1 26
1 25
1 152
1 614
1 114
1 289
1 231
1 483
1 94
1 147
1 50
1 65
1 728
1 30
1 32
1 73
1 151
1 186
1 323
1 67
2 6
2 25
2 295
2 383
2 243
2 256
2 5
2 15
2 131
2 907
2 911
2 11
2 784
2 102
2 81
2 290
2 17
2 3
2 4
2 7
2 209
2 69
2 18
2 13
2 646
2 48
2 54
2 449
2 19
2 85
2 116
2 140
2 297
2 20
2 109
2 14
2 566
2 8
2 44
2 33
2 163
2 78
2 46
2 10
2 89
2 73
2 304
2 24
2 137
2 83
2 168
2 9
2 211
2 106
2 601
2 789
2 687
2 219
2 23
2 42
2 781
2 32
2 104
2 35
2 22
2 444
2 51
2 29
2 747
2 12
2 225
2 214
2 513
2 763
2 101
2 99
2 588
2 909
2 26
2 105
2 28
2 431
2 41
2 558
2 432
2 34
2 61
2 281
2 584
2 651
2 94
2 57
2 280
2 50
2 71
2 846
2 117
2 422
2 961
2 440
2 21
2 146
2 158
2 58
2 166
2 52
2 520
2 36
2 849
2 228
2 509
2 72
2 27
2 155
2 149
2 90
2 260
2 127
2 47
2 53
2 39
2 774
2 179
2 988
2 86
2 464
2 175
2 40
2 375
2 154
2 64
2 640
2 67
2 264
2 212
2 156
2 31
2 142
2 112
2 331
2 318
2 110
2 205
2 210
2 193
2 804
2 696
2 135
2 605
2 139
2 857
2 65
2 171
2 192
2 217
2 100
2 782
2 328
2 854
2 45
2 484
2 66
2 577
2 990
2 121
2 240
2 303
2 341
2 124
2 661
2 919
2 926
2 91
2 37
2 187
2 306
2 119
2 971
2 150
2 241
2 43
2 830
2 555
2 913
2 74
2 153
2 216
2 173
2 234
2 258
2 76
2 38
2 98
2 207
2 62
2 157
2 196
2 16
2 835
2 337
2 636
2 60
2 296
2 49
2 95
2 107
2 447
2 130
2 868
2 450
2 145
2 167
2 385
2 96
2 30
2 301
2 925
2 319
2 195
2 507
2 79
2 87
2 519
2 983
2 93
2 553
2 348
2 133
3 6
3 78
3 8
3 5
3 240
3 19
3 460
3 10
3 37
3 85
3 203
3 4
3 43
3 345
3 9
3 23
3 17
3 34
3 30
3 111
3 172
3 27
3 20
3 53
3 11
3 7
3 459
3 889
3 15
3 39
3 95
3 24
3 77
3 320
3 277
3 58
3 50
3 12
3 16
3 49
3 59
3 29
3 26
3 74
3 21
3 13
3 543
3 57
3 503
3 216
3 137
3 22
3 71
3 18
3 838
3 469
3 64
3 38
3 28
3 520
3 63
3 246
3 618
3 877
3 201
3 166
3 80
3 697
3 102
3 628
3 869
3 339
3 93
3 81
3 664
3 54
3 118
3 180
3 40
3 500
3 44
3 215
3 173
3 296
3 146
3 318
3 407
3 252
3 52
3 294
3 100
3 87
3 124
3 321
3 126
3 205
3 464
3 72
3 94
3 170
3 179
3 530
3 33
3 570
3 25
3 675
3 210
3 195
3 175
3 136
3 157
3 144
3 42
3 340
3 196
3 649
3 31
3 70
3 226
3 177
3 714
3 852
3 208
3 441
3 546
3 156
3 108
3 130
3 415
3 351
3 69
3 255
3 352
3 116
3 32
3 51
3 644
3 571
3 128
3 98
3 161
3 751
3 385
3 297
3 35
3 103
3 239
3 131
3 391
3 298
4 230
4 31
4 5
4 9
4 6
4 996
4 217
4 149
4 10
4 347
4 24
4 54
4 53
4 8
4 135
4 57
4 60
4 212
4 29
4 15
4 11
4 567
4 258
4 232
4 692
4 7
4 37
4 68
4 74
4 321
4 64
4 81
4 66
4 483
4 219
4 18
4 23
4 663
4 73
4 67
4 246
4 425
4 204
4 26
4 271
4 69
4 63
4 125
4 47
4 46
4 13
4 241
4 998
4 444
4 100
4 12
4 504
4 14
4 33
4 38
4 539
4 17
4 127
4 423
4 36
4 353
4 493
4 22
4 119
4 59
4 21
4 781
4 326
4 213
4 19
4 131
4 159
4 86
4 16
4 456
4 295
4 309
4 92
4 41
4 109
4 346
4 141
4 181
4 27
4 601
4 28
4 56
4 221
4 209
4 136
4 170
4 233
4 106
4 275
4 20
4 78
4 260
4 932
4 187
5 10
5 6
5 49
5 362
5 7
5 9
5 77
5 201
5 41
5 14
5 142
5 59
5 444
5 984
5 11
5 8
5 193
5 55
5 76
5 369
5 115
5 75
5 124
5 951
5 488
5 87
5 20
5 17
5 33
5 12
5 16
5 181
5 54
5 186
5 94
5 29
5 353
5 21
5 777
5 196
5 70
5 259
5 255
5 740
5 24
5 645
5 73
5 323
5 56
5 35
5 23
5 153
5 348
5 212
5 47
5 22
5 62
5 30
5 51
5 479
5 647
5 183
5 13
5 26
5 43
5 520
5 257
5 52
5 68
6 16
6 43
6 7
6 18
6 13
6 67
6 332
6 73
6 25
6 64
6 231
6 20
6 29
6 15
6 49
6 24
6 9
6 40
6 21
6 11
6 135
6 66
6 23
6 706
6 8
6 10
6 26
6 31
6 44
6 636
6 299
6 58
6 619
6 55
6 108
6 161
6 17
6 314
6 19
6 61
6 14
6 104
6 534
6 548
6 236
6 235
6 151
6 112
6 53
6 241
6 71
6 189
6 63
6 139
6 199
6 101
6 141
6 898
6 175
6 85
6 38
6 65
6 871
6 259
6 72
7 15
7 256
7 763
7 11
7 140
7 44
7 65
7 234
7 16
7 17
7 8
7 47
7 106
7 52
7 24
7 80
7 26
7 12
7 486
7 31
7 71
7 851
7 725
7 45
7 32
7 386
7 27
7 9
7 54
7 387
7 10
7 55
7 29
7 203
7 145
7 22
7 38
7 93
7 869
7 98
7 75
7 20
7 87
7 182
7 213
7 30
8 81
8 36
8 219
8 187
8 15
8 105
8 9
8 31
8 14
8 51
8 390
8 387
8 59
8 26
8 12
8 171
8 119
8 35
8 45
8 50
8 71
8 37
8 158
8 19
8 20
8 54
8 197
8 17
8 87
8 295
8 22
8 818
8 92
8 39
9 16
9 615
9 545
9 254
9 120
9 41
9 321
9 45
9 266
9 213
9 331
9 13
9 455
9 187
9 593
9 56
9 18
9 12
9 38
9 10
9 11
9 19
9 638
9 71
9 520
9 30
9 127
9 319
9 20
9 33
10 18
10 39
10 31
10 181
10 177
10 226
10 88
10 74
10 33
10 536
10 157
10 161
10 151
10 29
10 994
10 142
10 21
10 130
10 103
10 603
10 185
10 12
10 40
10 215
10 46
10 36
10 11
10 23
10 279
10 13
10 270
10 24
10 261
11 41
11 209
11 731
11 32
11 780
11 12
11 18
11 566
11 15
11 112
11 982
11 318
11 67
11 44
11 914
11 24
11 342
11 23
11 158
11 26
11 239
11 27
11 50
11 77
11 19
11 216
11 291
11 14
11 151
11 619
11 21
12 15
12 829
12 39
12 23
12 26
12 42
12 41
12 33
12 19
12 28
12 233
12 505
12 295
12 73
12 52
12 27
12 30
12 510
12 320
12 85
12 688
12 204
12 206
13 37
13 50
13 353
13 533
13 928
13 184
13 499
13 697
13 17
13 23
13 260
13 152
13 900
13 31
13 24
13 48
13 333
14 15
14 45
14 25
14 17
14 30
14 201
14 91
14 16
14 715
14 499
15 48
15 67
15 55
15 54
15 35
15 162
15 16
15 381
15 39
15 462
15 543
15 114
15 128
15 77
15 62
16 20
16 846
16 32
16 52
16 150
16 60
16 39
16 38
16 131
16 50
17 24
17 66
17 251
17 19
17 60
17 32
17 84
17 62
17 20
17 58
17 21
17 602
17 100
17 183
17 31
17 95
18 388
18 99
18 750
18 69
18 59
18 955
18 73
18 192
18 42
18 221
18 43
18 62
18 21
18 780
18 47
18 108
18 64
18 33
19 128
19 32
19 182
19 65
19 121
19 325
19 62
19 28
19 47
19 40
19 78
20 24
20 353
20 34
20 114
20 55
20 127
20 271
20 691
21 117
21 911
21 45
21 48
21 75
21 59
21 38
21 81
21 681
21 249
21 61
21 441
21 156
22 48
22 365
22 57
22 205
22 50
22 126
22 55
22 24
22 901
22 59
23 740
23 27
23 862
23 133
23 41
23 69
23 40
23 248
23 47
24 781
24 703
24 40
24 992
24 976
24 308
24 30
24 93
24 44
24 31
25 38
25 81
25 442
25 35
25 327
25 108
25 32
26 34
26 55
26 27
26 176
26 31
26 65
26 257
26 112
26 131
26 844
26 108
27 249
27 235
27 592
27 418
27 115
27 43
28 59
28 319
28 95
28 70
29 57
29 45
29 381
30 442
30 293
30 36
30 502
30 43
30 210
30 160
30 249
30 59
31 213
31 81
31 40
31 179
31 450
31 176
31 847
31 376
31 542
31 214
32 568
32 77
32 156
32 85
32 241
33 709
33 81
33 310
33 39
33 614
34 183
34 815
34 35
34 721
34 646
34 765
34 858
34 676
35 779
35 85
35 244
35 995
35 81
36 46
36 54
36 137
36 41
37 667
37 222
37 387
37 69
37 498
37 58
37 109
37 41
37 56
37 92
38 51
38 260
39 828
39 74
39 248
40 738
40 43
40 158
40 56
41 114
41 643
41 191
41 645
41 347
41 589
42 751
42 51
43 100
43 401
43 595
43 97
43 126
44 60
44 156
44 55
44 502
45 73
45 615
45 751
45 102
46 342
46 66
46 312
46 298
47 84
47 519
48 584
48 212
48 56
48 61
48 230
49 235
50 94
50 113
50 986
51 126
51 287
51 425
51 802
51 130
51 523
52 374
52 195
52 111
53 97
53 373
54 59
55 765
56 879
56 246
56 291
56 636
56 400
57 467
59 114
59 403
60 557
60 555
60 183
60 102
60 173
61 843
61 141
61 658
61 486
61 742
62 524
63 472
63 67
64 97
64 440
65 196
66 432
66 629
66 374
66 183
68 195
68 96
70 665
70 167
70 966
71 85
72 135
73 84
74 89
75 490
75 104
75 103
77 372
77 143
78 327
79 130
79 475
80 87
83 310
85 659
85 412
85 246
88 95
88 110
89 217
91 134
91 229
92 620
92 121
92 131
93 330
93 97
96 97
97 124
97 358
98 662
99 854
101 182
101 172
104 442
104 464
109 263
115 144
117 196
117 448
119 358
119 259
120 462
128 645
130 292
131 197
131 142
135 284
136 349
137 911
137 204
140 601
142 180
144 320
146 226
146 270
151 159
177 249
179 888
191 547
193 767
199 202
200 686
207 300
208 726
213 258
214 406
219 896
219 933
220 753
220 272
236 335
269 715
311 642
316 749
323 744
339 402
341 596
352 456
375 877
383 615
444 614
459 781
459 659
471 538
486 657
536 977
551 982
578 660
642 678
777 857
780 903
790 1000
842 871
917 925
