1 6
1 127
1 16
1 2
1 186
1 270
1 69
1 302
1 123
1 7
1 15
1 11
1 5
1 14
1 91
1 51
1 103
1 114
1 134
1 3
1 107
1 42
1 847
1 12
1 241
1 261
1 33
1 142
1 4
1 216
1 97
1 29
1 369
1 170
1 32
1 227
1 231
1 64
1 67
1 40
1 18
1 92
1 125
1 98
1 799
1 675
1 292
1 72
1 173
1 17
1 136
1 46
1 27
1 96
1 25
1 10
1 45
1 23
1 112
1 79
1 381
1 498
1 191
1 43
1 21
1 8
1 58
1 116
1 39
1 9
1 19
1 28
1 81
1 768
1 131
1 444
1 823
1 235
1 104
1 221
1 78
1 35
1 62
1 706
1 268
1 63
1 220
1 88
1 407
1 100
1 432
1 719
1 89
1 75
1 197
1 49
1 350
1 666
1 56
1 368
1 281
1 442
1 806
1 13
1 38
1 37
1 597
1 26
1 47
1 140
1 572
1 119
1 924
1 803
1 374
1 132
1 918
1 31
1 242
1 24
1 639
1 117
1 20
1 205
1 700
1 605
1 269
1 189
1 55
1 59
1 52
1 34
1 66
1 274
2 5
2 6
2 4
2 7
2 19
2 3
2 514
2 117
2 485
2 52
2 224
2 31
2 128
2 327
2 90
2 100
2 10
2 9
2 97
2 17
2 733
2 29
2 13
2 484
2 15
2 134
2 317
2 508
2 36
2 22
2 669
2 236
2 630
2 39
2 569
2 182
2 24
2 775
2 93
2 265
2 705
2 34
2 62
2 212
2 179
2 527
2 349
2 276
2 14
2 607
2 8
2 432
2 18
2 28
2 103
2 16
2 197
2 57
2 47
2 37
2 43
2 40
2 385
2 50
2 60
2 75
2 95
2 342
2 355
2 49
2 876
2 160
2 559
2 571
2 56
2 11
2 66
2 384
2 20
2 554
2 639
2 657
2 21
2 69
2 59
2 771
2 91
2 361
2 45
2 451
2 32
2 334
2 53
2 12
2 958
2 129
2 206
2 229
2 803
2 322
2 81
2 42
2 23
2 221
2 41
2 94
2 92
2 442
2 590
2 187
2 352
2 233
2 201
2 27
2 411
2 164
2 533
2 290
2 101
2 816
2 575
2 225
2 83
2 800
2 518
2 96
2 301
2 981
2 642
2 46
2 373
2 275
2 25
2 26
2 115
2 217
2 368
2 131
2 595
2 865
2 488
2 502
2 51
2 183
2 79
2 58
2 189
2 572
2 61
2 86
2 137
2 44
2 445
2 220
2 407
2 161
2 74
2 122
2 778
2 453
2 38
2 505
2 123
2 80
2 139
2 308
2 320
2 147
2 231
2 87
2 715
2 214
2 85
2 751
2 272
2 277
2 205
2 853
2 738
2 699
2 459
2 76
2 799
2 760
2 674
2 89
2 907
2 73
2 35
2 481
2 104
2 963
2 438
2 318
2 70
2 154
2 566
2 168
2 316
2 460
2 452
2 125
2 538
2 165
2 423
2 145
2 487
2 374
2 336
2 111
2 425
2 673
2 267
2 124
2 474
2 359
2 65
2 106
2 684
2 142
2 874
2 151
2 253
2 278
2 113
2 126
2 466
2 354
2 670
2 235
2 624
2 240
2 213
2 804
2 446
2 54
2 690
2 427
2 71
2 181
2 48
2 33
2 304
2 387
2 259
2 282
2 714
2 390
2 372
2 72
2 371
2 501
2 956
2 854
2 99
2 457
2 744
2 30
2 244
2 428
2 167
2 664
3 57
3 9
3 23
3 492
3 7
3 5
3 18
3 11
3 51
3 73
3 19
3 6
3 820
3 878
3 34
3 8
3 101
3 4
3 40
3 13
3 43
3 354
3 27
3 54
3 152
3 31
3 30
3 71
3 81
3 39
3 14
3 410
3 48
3 997
3 25
3 41
3 15
3 339
3 105
3 141
3 119
3 163
3 143
3 33
3 28
3 426
3 21
3 110
3 623
3 888
3 818
3 24
3 712
3 68
3 49
3 17
3 219
3 37
3 91
3 334
3 174
3 337
3 288
3 52
3 176
3 618
3 45
3 10
3 750
3 60
3 645
3 656
3 328
3 140
3 694
3 296
3 20
3 58
3 59
3 171
3 63
3 44
3 89
3 266
3 104
3 95
3 783
3 16
3 198
3 111
3 455
3 984
3 79
3 12
3 204
3 723
3 121
3 231
3 209
3 83
3 36
3 46
3 26
3 75
3 126
3 258
3 821
3 520
3 35
3 282
3 38
3 50
3 93
3 87
3 774
3 116
3 238
3 425
3 640
3 55
3 208
3 265
3 843
3 29
3 124
3 272
3 362
3 912
3 214
3 113
3 407
3 180
3 193
3 497
3 797
3 241
3 109
3 933
3 158
3 100
3 419
3 99
3 161
3 284
3 195
3 218
3 88
3 322
3 106
3 538
3 242
3 22
3 343
3 863
3 107
3 76
3 85
3 53
3 398
3 668
3 276
3 61
3 78
3 472
3 42
3 77
4 13
4 762
4 12
4 14
4 25
4 5
4 208
4 19
4 17
4 29
4 37
4 7
4 225
4 170
4 96
4 150
4 217
4 9
4 446
4 333
4 142
4 143
4 16
4 8
4 35
4 47
4 59
4 11
4 140
4 839
4 28
4 38
4 754
4 938
4 6
4 51
4 252
4 15
4 137
4 43
4 326
4 152
4 376
4 648
4 119
4 644
4 464
4 120
4 114
4 81
4 36
4 103
4 737
4 336
4 233
4 361
4 295
4 109
4 30
4 52
4 873
4 723
4 24
4 158
4 160
4 407
4 157
4 20
4 181
4 18
4 93
4 258
4 34
4 95
4 474
4 53
4 33
4 203
4 549
4 39
4 769
4 60
4 80
4 391
4 671
4 10
4 71
4 89
4 811
4 375
4 68
4 179
4 138
4 86
4 153
4 370
4 383
4 154
4 32
4 74
4 386
4 133
4 84
4 45
4 284
4 41
4 485
4 27
4 99
4 61
4 936
4 202
4 79
4 97
4 22
4 735
4 70
4 78
4 66
4 167
4 622
4 854
4 136
4 65
4 451
4 621
4 247
4 55
4 50
4 31
4 553
4 558
4 566
5 15
5 46
5 61
5 6
5 11
5 145
5 164
5 9
5 23
5 25
5 307
5 85
5 573
5 21
5 849
5 7
5 8
5 10
5 126
5 49
5 73
5 45
5 114
5 27
5 259
5 22
5 389
5 20
5 35
5 441
5 31
5 41
5 812
5 40
5 36
5 19
5 13
5 51
5 33
5 18
5 785
5 44
5 671
5 92
5 333
5 236
5 496
5 835
5 176
5 58
5 14
5 326
5 624
5 26
5 39
5 592
5 70
5 82
5 308
5 16
5 100
5 173
5 774
5 24
5 12
5 448
5 79
5 390
5 90
5 190
5 93
5 17
5 700
5 155
5 102
5 117
5 456
5 47
5 786
5 237
5 122
5 315
5 196
5 355
5 81
5 918
5 37
5 160
5 311
6 164
6 22
6 73
6 823
6 17
6 753
6 723
6 67
6 122
6 156
6 26
6 9
6 89
6 21
6 93
6 46
6 427
6 246
6 722
6 53
6 27
6 842
6 35
6 759
6 7
6 57
6 19
6 128
6 58
6 530
6 70
6 79
6 454
6 97
6 406
6 20
6 25
6 899
6 180
6 519
6 214
6 11
6 111
6 8
6 81
6 185
6 24
6 319
6 31
6 23
6 30
6 799
6 123
6 591
6 373
6 141
6 312
6 40
6 10
6 18
6 37
6 209
6 229
6 39
6 33
6 28
6 15
6 32
6 105
6 269
6 38
6 353
6 36
6 136
6 13
6 12
6 106
7 46
7 10
7 42
7 37
7 12
7 507
7 153
7 13
7 19
7 150
7 108
7 16
7 29
7 24
7 39
7 161
7 231
7 43
7 134
7 176
7 49
7 60
7 62
7 23
7 9
7 17
7 51
7 89
7 593
7 70
7 194
7 41
7 796
7 50
7 34
7 392
7 68
7 218
7 21
7 11
7 329
7 79
7 122
7 63
7 127
7 621
7 184
7 671
7 15
7 113
7 18
7 517
7 28
7 603
7 77
7 83
7 225
7 8
7 22
7 44
7 584
7 80
7 84
7 100
7 81
7 57
7 31
7 25
7 133
7 40
7 20
7 650
7 505
7 54
7 27
7 240
7 38
8 10
8 507
8 663
8 180
8 406
8 16
8 73
8 42
8 161
8 32
8 37
8 770
8 228
8 62
8 147
8 331
8 279
8 195
8 12
8 17
8 581
8 213
8 33
8 412
8 48
8 28
8 66
8 278
8 24
8 11
8 716
8 18
8 52
8 14
8 582
8 26
8 83
8 130
8 50
8 197
8 72
8 53
8 22
8 61
8 937
8 23
8 38
8 361
8 15
8 329
8 172
8 186
8 667
8 21
8 192
8 91
8 177
8 109
8 409
8 31
8 19
8 511
8 489
8 75
8 29
9 19
9 225
9 131
9 140
9 162
9 42
9 100
9 26
9 23
9 33
9 179
9 343
9 146
9 14
9 13
9 982
9 20
9 47
9 65
9 351
9 581
9 263
9 520
9 16
9 30
9 12
9 24
9 992
9 10
9 21
9 177
9 102
9 317
9 22
9 127
9 152
9 345
9 52
9 17
9 15
9 360
9 77
9 59
9 54
9 40
9 834
9 90
9 442
9 105
9 134
9 18
9 58
9 318
9 327
9 63
9 165
9 539
9 27
9 216
9 70
9 490
9 483
10 16
10 41
10 13
10 22
10 11
10 25
10 20
10 358
10 15
10 281
10 265
10 57
10 91
10 46
10 18
10 764
10 165
10 685
10 104
10 14
10 151
10 44
10 62
10 52
10 244
10 137
10 623
10 980
10 29
10 21
10 198
10 28
11 47
11 70
11 523
11 20
11 398
11 24
11 83
11 268
11 46
11 122
11 219
11 13
11 26
11 25
11 103
11 90
11 154
11 601
11 85
11 60
11 39
11 76
11 16
11 14
11 162
11 117
11 199
11 30
11 22
11 15
11 19
11 385
11 93
11 415
11 655
11 353
11 907
11 128
11 213
11 969
11 67
11 32
12 25
12 141
12 224
12 632
12 14
12 19
12 59
12 226
12 415
12 49
12 889
12 211
12 398
12 189
12 348
12 15
12 24
12 23
12 16
12 500
12 17
12 369
12 32
12 35
12 282
12 33
12 324
12 781
12 13
12 400
12 21
12 30
12 643
12 277
12 47
12 759
12 91
12 40
12 148
13 20
13 346
13 139
13 28
13 29
13 648
13 70
13 26
13 19
13 48
13 49
13 24
13 295
13 14
13 90
13 808
13 43
13 132
13 18
13 50
13 25
13 15
13 23
13 659
13 21
14 673
14 206
14 424
14 92
14 175
14 22
14 790
14 135
14 32
14 68
14 19
14 15
14 75
14 36
14 37
14 28
14 104
14 76
14 38
14 40
14 81
14 31
14 250
14 118
14 33
14 131
14 50
14 120
14 16
14 57
14 203
14 72
14 179
14 52
15 49
15 47
15 24
15 124
15 39
15 18
15 150
15 934
15 65
15 417
15 114
15 62
15 163
15 212
15 88
15 118
15 467
15 17
15 74
15 805
16 66
16 22
16 166
16 42
16 41
16 110
16 25
16 283
16 483
16 102
16 84
16 821
16 32
16 112
16 217
16 69
16 59
16 55
16 185
16 29
16 349
16 936
16 26
16 142
16 238
16 121
17 60
17 432
17 23
17 68
17 45
17 65
17 382
17 24
17 26
17 22
17 228
17 272
17 454
17 407
17 21
17 229
17 446
17 34
17 38
17 20
17 57
17 30
18 265
18 465
18 51
18 221
18 95
18 853
18 600
18 385
18 170
18 70
18 98
18 722
18 23
18 934
18 21
18 44
18 40
18 286
18 166
18 36
19 377
19 24
19 293
19 30
19 78
19 120
19 33
19 125
19 34
19 20
19 58
19 50
19 67
19 23
19 144
19 68
19 254
19 486
19 162
19 451
19 21
19 390
20 678
20 38
20 325
20 824
20 45
20 65
20 49
20 24
20 34
20 56
20 388
20 195
20 406
21 83
21 70
21 65
21 170
21 72
21 230
21 893
21 539
21 984
21 616
21 32
21 610
21 301
21 61
21 125
21 23
21 45
21 31
21 439
21 64
21 29
21 142
21 259
22 303
22 383
22 38
22 168
22 31
22 550
22 27
22 545
22 55
22 25
22 112
22 49
22 389
22 47
22 108
22 24
23 28
23 883
23 147
23 93
23 156
23 25
23 246
23 80
23 179
23 409
23 27
23 48
23 72
24 58
24 338
24 147
24 27
24 26
24 117
24 93
24 72
24 119
24 83
24 48
24 67
24 115
24 308
25 370
25 141
25 756
25 772
25 26
25 116
25 318
25 739
25 106
25 46
25 139
25 281
25 105
25 568
25 47
25 36
25 31
25 577
25 109
26 179
26 31
26 75
26 730
26 82
26 366
26 46
26 208
26 186
26 441
26 857
26 60
27 225
27 96
27 128
27 485
27 29
27 205
27 34
27 88
27 263
27 277
27 577
28 58
28 202
28 60
28 453
28 79
28 46
28 209
28 390
29 244
29 848
29 145
29 674
29 78
30 170
30 577
30 167
30 114
30 50
30 159
31 73
31 171
31 52
31 170
31 48
31 268
31 395
31 97
31 49
31 77
31 100
31 37
31 497
31 179
32 101
32 544
32 146
32 955
32 358
32 459
33 72
33 56
33 88
33 89
33 105
33 468
33 388
33 140
33 340
33 277
33 154
33 533
34 351
34 417
34 72
35 317
35 322
35 68
35 266
35 113
35 230
35 57
36 97
36 383
36 479
36 49
36 853
36 707
36 140
36 89
36 460
37 571
37 124
37 269
37 54
37 290
37 185
37 806
37 55
38 41
38 284
38 463
38 45
38 245
39 82
39 42
39 180
39 88
39 74
39 512
39 49
40 52
40 89
40 772
40 137
40 146
40 71
41 421
41 56
41 51
41 132
41 673
42 71
42 217
42 62
42 451
42 153
43 73
43 51
44 47
44 108
44 62
44 218
44 987
44 249
44 508
45 531
45 150
46 194
46 164
46 205
46 94
46 313
47 49
47 72
47 877
47 181
47 324
48 66
48 645
48 49
48 194
48 163
48 166
48 498
48 182
49 603
49 468
49 668
50 124
50 113
50 853
51 331
51 165
52 244
52 59
52 289
53 438
53 84
53 76
53 680
54 163
54 137
54 250
54 82
54 218
54 98
55 720
55 181
55 522
56 161
56 62
56 277
57 180
57 86
57 343
58 112
58 168
59 67
60 193
60 584
60 67
60 351
61 71
62 285
62 744
62 125
63 261
63 161
63 70
63 105
63 453
64 65
64 795
66 453
67 73
67 555
68 195
69 144
69 194
69 685
69 850
69 340
70 947
70 135
71 148
71 421
71 130
72 93
73 389
74 205
74 197
74 433
76 234
78 261
78 137
78 198
78 350
79 121
80 418
81 283
81 123
82 170
82 339
84 258
85 360
86 742
87 214
88 218
89 456
90 380
91 113
92 96
92 698
92 302
93 497
93 244
94 855
95 164
96 813
96 203
97 354
98 305
98 256
100 782
100 250
101 243
102 627
103 277
103 114
103 195
104 106
104 648
105 347
107 353
107 160
110 474
110 590
110 420
114 120
115 189
115 399
118 808
119 200
122 128
122 386
122 506
123 993
123 187
126 500
126 324
127 690
127 142
128 711
129 206
129 702
131 685
132 304
132 140
134 388
135 236
140 151
141 342
142 774
143 558
143 769
143 977
146 778
150 594
151 574
154 175
155 320
155 958
155 435
155 243
155 197
156 853
158 203
159 192
159 709
160 164
163 512
165 197
166 772
168 214
168 301
177 759
178 878
179 341
181 493
188 292
189 551
191 245
194 343
196 483
208 233
212 425
214 285
216 443
217 944
223 832
226 245
226 362
227 485
231 472
232 600
232 634
238 960
240 379
244 334
262 349
262 755
265 970
273 387
285 519
285 312
295 367
298 352
308 839
315 996
321 397
336 819
339 938
340 746
340 376
342 532
345 410
355 847
365 508
378 576
393 852
394 432
407 980
407 919
408 968
421 454
451 918
493 742
530 738
541 655
624 984
666 763
885 914
