1 10000 0 50000
2 10000 0 79994
3 10000 0 109976
4 10000 0 139952
5 10000 0 169914
6 10000 0 199868
7 10000 0 229812
8 10000 0 259758
9 10000 0 289662
10 10000 23 319549
11 10000 19 315953
12 10000 10 315514
13 10000 16 315536
14 10000 23 315575
15 10000 27 315563
16 10000 29 315597
17 10000 30 315678
18 10000 41 315597
19 10000 42 315672
20 10000 23 315651
21 10000 31 315507
22 10000 27 315621
23 10000 19 315565
24 10000 29 315433
25 10000 33 315529
26 10000 14 315596
27 10000 15 315537
28 10000 21 315503
29 10000 16 315398
30 10000 15 315499
31 10000 19 315459
32 10000 15 315515
33 10000 15 315531
34 10000 12 315510
35 10000 21 315491
36 10000 27 315609
37 10000 19 315599
38 10000 9 315631
39 10000 9 315511
40 10000 13 315617
41 10000 14 315588
42 10000 15 315513
43 10000 17 315539
44 10000 28 315456
45 10000 26 315514
46 10000 16 315520
47 10000 11 315665
48 10000 10 315580
49 10000 6 315568
50 10000 8 315570
51 10000 15 315593
52 10000 18 315564
53 10000 16 315730
54 10000 22 315624
55 10000 20 315626
56 10000 17 315639
57 10000 6 315674
58 10000 11 315659
59 10000 16 315574
60 10000 17 315599
61 10000 24 315588
62 10000 20 315628
63 10000 17 315569
64 10000 13 315545
65 10000 15 315577
66 10000 17 315553
67 10000 24 315650
68 10000 9 315533
69 10000 10 315618
70 10000 9 315617
71 10000 12 315518
72 10000 18 315554
73 10000 12 315632
74 10000 15 315641
75 10000 12 315578
76 10000 16 315590
77 10000 10 315558
78 10000 8 315522
79 10000 15 315625
80 10000 13 315629
81 10000 12 315522
82 10000 22 315482
83 10000 9 315617
84 10000 15 315551
85 10000 14 315590
86 10000 13 315579
87 10000 13 315615
88 10000 17 315453
89 10000 34 315562
90 10000 38 315432
91 10000 39 315527
92 10000 26 315478
93 10000 15 315437
94 10000 18 315596
95 10000 24 315530
96 10000 11 315601
97 10000 8 315488
98 10000 16 315468
99 10000 20 315626
100 10000 16 315668
