1 50000 0 0 0
2 29994 0 0 0
3 29982 0 0 0
4 29976 0 0 0
5 29962 0 0 0
6 29954 0 0 0
7 29944 0 0 0
8 29946 0 0 0
9 29904 0 0 0
10 29887 0 23 0
11 29770 33514 144 0
12 29808 30342 86 0
13 29796 29898 130 0
14 29802 29860 104 0
15 29834 29940 98 0
16 29824 29868 80 0
17 29805 29838 115 0
18 29765 29980 145 0
19 29796 29854 134 0
20 29784 29960 136 0
21 29769 30056 151 0
22 29750 29800 160 0
23 29776 29998 158 0
24 29771 30032 139 0
25 29762 29804 142 0
26 29775 29842 115 0
27 29796 29974 120 0
28 29778 29950 144 0
29 29795 30016 111 0
30 29807 29836 129 0
31 29821 29960 103 0
32 29794 29842 100 0
33 29825 29912 103 0
34 29787 29924 113 0
35 29767 29896 119 0
36 29777 29794 141 0
37 29829 29940 93 0
38 29835 29894 81 0
39 29824 30018 74 0
40 29828 29800 82 0
41 29827 29938 83 0
42 29797 29978 107 0
43 29789 29870 109 0
44 29778 29980 130 0
45 29760 29846 142 0
46 29814 29922 104 0
47 29791 29766 115 0
48 29816 29992 90 0
49 29821 29910 73 0
50 29806 29900 98 0
51 29796 29884 118 0
52 29774 29944 144 0
53 29788 29732 108 0
54 29783 29996 113 0
55 29791 29920 129 0
56 29737 29888 161 0
57 29784 29886 126 0
58 29797 29934 127 0
59 29808 30010 122 0
60 29818 29908 116 0
61 29776 29902 122 0
62 29773 29876 139 0
63 29785 29974 127 0
64 29807 29942 107 0
65 29800 29878 112 0
66 29808 29946 116 0
67 29805 29826 125 0
68 29772 30002 98 0
69 29822 29824 88 0
70 29816 29914 96 0
71 29819 29994 79 0
72 29817 29866 91 0
73 29793 29832 111 0
74 29814 29918 116 0
75 29774 29950 110 0
76 29794 29876 98 0
77 29840 29964 86 0
78 29832 29946 76 0
79 29819 29806 97 0
80 29816 29910 96 0
81 29822 30020 90 0
82 29800 29944 114 0
83 29787 29780 115 0
84 29807 29984 117 0
85 29817 29862 83 0
86 29821 29936 103 0
87 29806 29872 102 0
88 29790 30066 118 0
89 29778 29782 130 0
90 29785 30048 137 0
91 29782 29816 130 0
92 29756 29948 130 0
93 29791 29976 133 0
94 29769 29752 145 0
95 29762 29964 142 0
96 29795 29860 123 0
97 29806 30030 108 0
98 29798 29934 124 0
99 29779 29738 121 0
100 29797 29862 103 0
