1 10000 1 4999
2 10000 4 8496
3 10000 20 11980
4 10000 63 15437
5 10000 157 18843
6 10000 367 22133
7 10000 706 25292
8 10000 1233 28265
9 10000 1968 31030
10 10000 2915 33583
11 10000 2849 33453
12 10000 2826 33432
13 10000 2890 33398
14 10000 2830 33428
15 10000 2766 33506
16 10000 2768 33500
17 10000 2792 33470
18 10000 2817 33439
19 10000 2776 33514
20 10000 2747 33525
21 10000 2759 33511
22 10000 2794 33516
23 10000 2861 33423
24 10000 2865 33379
25 10000 2814 33454
26 10000 2862 33454
27 10000 2805 33467
28 10000 2786 33468
29 10000 2854 33410
30 10000 2826 33444
31 10000 2830 33436
32 10000 2889 33375
33 10000 2957 33303
34 10000 2950 33320
35 10000 2963 33323
36 10000 2902 33366
37 10000 2885 33387
38 10000 2862 33428
39 10000 2857 33439
40 10000 2829 33457
41 10000 2812 33462
42 10000 2830 33454
43 10000 2858 33422
44 10000 2860 33424
45 10000 2824 33468
46 10000 2755 33507
47 10000 2787 33495
48 10000 2801 33487
49 10000 2824 33456
50 10000 2836 33452
51 10000 2934 33368
52 10000 2871 33393
53 10000 2897 33367
54 10000 2916 33380
55 10000 2939 33343
56 10000 2944 33334
57 10000 2903 33389
58 10000 2906 33366
59 10000 2956 33298
60 10000 2904 33384
61 10000 2863 33407
62 10000 2829 33463
63 10000 2904 33370
64 10000 2890 33390
65 10000 2833 33445
66 10000 2784 33444
67 10000 2782 33476
68 10000 2803 33497
69 10000 2855 33417
70 10000 2859 33389
71 10000 2860 33422
72 10000 2833 33449
73 10000 2821 33483
74 10000 2823 33483
75 10000 2828 33456
76 10000 2838 33428
77 10000 2813 33445
78 10000 2848 33408
79 10000 2828 33444
80 10000 2847 33409
81 10000 2753 33507
82 10000 2764 33502
83 10000 2800 33476
84 10000 2807 33435
85 10000 2877 33405
86 10000 2834 33430
87 10000 2823 33493
88 10000 2810 33486
89 10000 2794 33500
90 10000 2810 33470
91 10000 2772 33516
92 10000 2806 33474
93 10000 2790 33488
94 10000 2790 33462
95 10000 2836 33434
96 10000 2805 33481
97 10000 2795 33465
98 10000 2800 33484
99 10000 2817 33455
100 10000 2861 33401
