1 4999 0 1 0
2 3497 0 3 0
3 3484 0 16 0
4 3457 0 43 0
5 3406 0 94 0
6 3290 0 210 0
7 3159 0 339 0
8 2973 0 527 0
9 2765 0 735 0
10 2553 0 947 0
11 2288 3695 1212 1
12 2318 3542 1180 0
13 2340 3461 1156 5
14 2372 3512 1122 12
15 2366 3462 1134 24
16 2310 3472 1188 30
17 2348 3453 1152 53
18 2351 3426 1149 80
19 2338 3357 1162 109
20 2357 3450 1141 66
21 2327 3429 1169 69
22 2312 3392 1188 68
23 2277 3461 1223 65
24 2332 3484 1168 56
25 2349 3412 1151 64
26 2329 3373 1169 77
27 2345 3468 1155 76
28 2322 3448 1178 70
29 2314 3423 1186 67
30 2374 3429 1124 63
31 2317 3443 1183 61
32 2281 3423 1215 75
33 2261 3427 1239 77
34 2329 3402 1171 88
35 2358 3423 1140 59
36 2329 3438 1169 78
37 2347 3418 1153 78
38 2352 3415 1148 67
39 2325 3419 1171 71
40 2360 3438 1140 72
41 2300 3439 1198 71
42 2326 3409 1174 81
43 2354 3419 1146 85
44 2312 3414 1186 80
45 2373 3426 1125 64
46 2369 3449 1131 81
47 2348 3406 1150 72
48 2352 3436 1148 58
49 2298 3430 1202 78
50 2320 3413 1178 77
51 2309 3408 1189 76
52 2355 3470 1143 66
53 2326 3434 1174 66
54 2320 3382 1180 86
55 2331 3450 1167 62
56 2302 3440 1198 64
57 2347 3405 1153 81
58 2338 3445 1162 75
59 2322 3456 1178 62
60 2335 3380 1163 84
61 2379 3434 1117 80
62 2342 3395 1156 81
63 2283 3441 1215 75
64 2350 3406 1148 86
65 2359 3423 1135 73
66 2365 3493 1135 57
67 2323 3402 1175 66
68 2335 3386 1165 72
69 2316 3445 1184 83
70 2329 3469 1171 55
71 2324 3377 1174 87
72 2341 3436 1157 62
73 2330 3389 1170 89
74 2310 3423 1186 71
75 2270 3426 1226 92
76 2341 3461 1155 53
77 2352 3437 1148 71
78 2308 3430 1190 70
79 2320 3423 1178 59
80 2257 3448 1241 66
81 2447 3419 1053 77
82 2316 3420 1184 74
83 2309 3436 1191 54
84 2330 3468 1170 66
85 2287 3389 1211 69
86 2369 3455 1131 63
87 2378 3384 1122 64
88 2352 3454 1148 66
89 2346 3420 1150 78
90 2299 3438 1201 76
91 2358 3422 1140 68
92 2313 3442 1187 66
93 2376 3443 1124 59
94 2323 3460 1177 66
95 2323 3398 1175 82
96 2366 3422 1132 60
97 2323 3462 1175 62
98 2316 3399 1184 77
99 2301 3434 1197 76
100 2340 3429 1158 79
