1 10000 0 20000
2 10000 0 33998
3 10000 0 47990
4 10000 0 61988
5 10000 2 75984
6 10000 4 89976
7 10000 37 103921
8 10000 183 117767
9 10000 635 131299
10 10000 1715 144201
11 10000 1598 143518
12 10000 1566 143436
13 10000 1596 143432
14 10000 1546 143474
15 10000 1562 143440
16 10000 1518 143516
17 10000 1555 143501
18 10000 1586 143468
19 10000 1549 143471
20 10000 1659 143409
21 10000 1629 143431
22 10000 1552 143498
23 10000 1534 143554
24 10000 1569 143469
25 10000 1612 143456
26 10000 1529 143529
27 10000 1481 143549
28 10000 1463 143603
29 10000 1434 143560
30 10000 1465 143587
31 10000 1523 143477
32 10000 1620 143438
33 10000 1543 143487
34 10000 1570 143412
35 10000 1591 143463
36 10000 1626 143440
37 10000 1633 143393
38 10000 1594 143398
39 10000 1580 143492
40 10000 1597 143455
41 10000 1532 143424
42 10000 1547 143475
43 10000 1575 143499
44 10000 1544 143490
45 10000 1615 143407
46 10000 1645 143339
47 10000 1614 143396
48 10000 1509 143495
49 10000 1595 143445
50 10000 1573 143487
51 10000 1596 143440
52 10000 1557 143451
53 10000 1526 143486
54 10000 1517 143449
55 10000 1520 143520
56 10000 1556 143444
57 10000 1543 143517
58 10000 1532 143494
59 10000 1505 143523
60 10000 1545 143515
61 10000 1570 143490
62 10000 1527 143567
63 10000 1526 143476
64 10000 1483 143623
65 10000 1524 143576
66 10000 1551 143503
67 10000 1540 143482
68 10000 1528 143538
69 10000 1552 143462
70 10000 1480 143560
71 10000 1495 143525
72 10000 1461 143619
73 10000 1419 143533
74 10000 1507 143545
75 10000 1534 143486
76 10000 1566 143416
77 10000 1645 143419
78 10000 1633 143391
79 10000 1530 143472
80 10000 1506 143558
81 10000 1552 143496
82 10000 1561 143489
83 10000 1520 143470
84 10000 1522 143426
85 10000 1494 143524
86 10000 1514 143464
87 10000 1552 143448
88 10000 1548 143554
89 10000 1512 143494
90 10000 1492 143474
91 10000 1523 143479
92 10000 1518 143506
93 10000 1487 143533
94 10000 1508 143548
95 10000 1535 143521
96 10000 1526 143504
97 10000 1545 143495
98 10000 1478 143606
99 10000 1536 143516
100 10000 1582 143466
