1 20000 0 0 0
2 13998 0 0 0
3 13992 0 0 0
4 13998 0 0 0
5 13996 0 2 0
6 13992 0 2 0
7 13945 0 33 0
8 13846 0 146 0
9 13532 0 452 0
10 12902 0 1080 0
11 11990 14776 1986 0
12 12058 14092 1920 0
13 12046 13952 1932 0
14 12060 13996 1928 0
15 12043 14002 1943 2
16 12052 13942 1922 0
17 12003 13967 1987 1
18 12008 13976 1968 2
19 12020 13994 1958 18
20 11976 13933 2014 9
21 12054 13974 1928 16
22 12045 13976 1935 14
23 12054 13931 1922 7
24 11972 14016 2008 14
25 12022 13941 1964 15
26 12129 13985 1857 11
27 12094 13978 1882 26
28 12148 13933 1840 19
29 12116 14040 1872 20
30 12101 13913 1881 11
31 12090 14020 1888 10
32 12063 13912 1915 8
33 12153 14007 1835 9
34 12069 14021 1915 11
35 12022 13901 1966 15
36 12080 13964 1906 10
37 12011 13993 1955 13
38 12046 13982 1918 16
39 12028 13880 1946 14
40 12024 13974 1942 12
41 12034 14068 1952 14
42 11991 13907 1999 17
43 11992 13912 1990 18
44 12102 14005 1874 11
45 12112 13977 1864 11
46 12059 13996 1921 22
47 12132 13942 1854 18
48 12152 13957 1816 17
49 12079 13936 1899 6
50 12104 13954 1884 14
51 12066 13987 1914 17
52 12088 13996 1894 14
53 12137 13961 1843 15
54 12086 14020 1894 6
55 12005 13901 1983 13
56 11999 14007 1983 15
57 12048 13914 1940 14
58 12063 14009 1929 17
59 12052 13965 1926 11
60 12049 13937 1937 17
61 12088 13978 1898 8
62 12073 13936 1911 14
63 12097 14066 1885 8
64 12166 13861 1812 13
65 12085 13971 1895 15
66 12099 14002 1877 20
67 12070 14006 1914 10
68 12102 13918 1876 16
69 12035 14009 1943 21
70 12060 13930 1922 26
71 12009 13991 1977 15
72 12062 13911 1918 9
73 12078 14101 1906 11
74 12014 13879 1972 7
75 12054 14005 1926 7
76 12028 13989 1934 11
77 11994 13893 1990 9
78 12039 14010 1945 14
79 12149 13983 1825 13
80 12115 13908 1861 6
81 12053 13992 1935 12
82 12116 13969 1868 13
83 12075 14027 1901 9
84 12073 14002 1907 20
85 12131 13890 1847 18
86 12068 14006 1916 18
87 12030 13942 1950 16
88 12108 13870 1876 12
89 12048 14067 1938 15
90 12126 13990 1838 14
91 12082 13932 1896 10
92 12082 13958 1904 6
93 12097 13979 1887 9
94 12132 13943 1856 9
95 12155 13978 1831 8
96 12079 13984 1903 24
97 12102 13954 1880 18
98 12136 13918 1846 20
99 12034 13996 1948 18
100 12064 13971 1920 17
