1 10000 1 4999
2 10000 7 8993
3 10000 30 12970
4 10000 123 16877
5 10000 303 20697
6 10000 621 24379
7 10000 1191 27809
8 10000 1982 31018
9 10000 3075 33923
10 10000 4466 36532
11 10000 4495 36413
12 10000 4480 36416
13 10000 4452 36430
14 10000 4418 36476
15 10000 4459 36459
16 10000 4481 36427
17 10000 4520 36370
18 10000 4443 36469
19 10000 4421 36473
20 10000 4433 36467
21 10000 4427 36459
22 10000 4401 36471
23 10000 4403 36495
24 10000 4346 36558
25 10000 4324 36584
26 10000 4369 36509
27 10000 4445 36493
28 10000 4461 36439
29 10000 4462 36456
30 10000 4468 36424
31 10000 4541 36357
32 10000 4508 36408
33 10000 4540 36382
34 10000 4496 36414
35 10000 4408 36474
36 10000 4443 36443
37 10000 4438 36438
38 10000 4399 36483
39 10000 4401 36491
40 10000 4377 36517
41 10000 4402 36480
42 10000 4365 36505
43 10000 4422 36462
44 10000 4413 36497
45 10000 4377 36517
46 10000 4423 36461
47 10000 4480 36438
48 10000 4452 36452
49 10000 4494 36414
50 10000 4467 36431
51 10000 4523 36367
52 10000 4491 36413
53 10000 4464 36450
54 10000 4438 36460
55 10000 4432 36466
56 10000 4357 36539
57 10000 4424 36470
58 10000 4444 36458
59 10000 4490 36416
60 10000 4532 36374
61 10000 4513 36381
62 10000 4469 36433
63 10000 4434 36466
64 10000 4396 36486
65 10000 4435 36457
66 10000 4421 36491
67 10000 4357 36535
68 10000 4435 36471
69 10000 4481 36423
70 10000 4416 36462
71 10000 4408 36500
72 10000 4449 36453
73 10000 4431 36445
74 10000 4394 36504
75 10000 4410 36488
76 10000 4434 36480
77 10000 4458 36430
78 10000 4523 36361
79 10000 4503 36383
80 10000 4415 36491
81 10000 4452 36430
82 10000 4471 36429
83 10000 4492 36404
84 10000 4453 36427
85 10000 4475 36417
86 10000 4493 36415
87 10000 4483 36419
88 10000 4443 36463
89 10000 4433 36455
90 10000 4458 36434
91 10000 4423 36467
92 10000 4437 36467
93 10000 4403 36477
94 10000 4473 36427
95 10000 4452 36458
96 10000 4484 36418
97 10000 4511 36399
98 10000 4496 36398
99 10000 4509 36385
100 10000 4520 36362
