1 4999 0 1 0
2 3994 0 6 0
3 3977 0 23 0
4 3907 0 93 0
5 3820 0 180 0
6 3682 0 318 0
7 3430 0 570 0
8 3209 0 791 0
9 2905 0 1093 0
10 2609 0 1391 0
11 2273 4088 1725 0
12 2291 4007 1705 1
13 2320 4001 1678 11
14 2318 3957 1678 27
15 2297 3919 1701 55
16 2293 3930 1707 80
17 2324 3898 1672 116
18 2349 3819 1649 157
19 2293 3864 1705 152
20 2298 3817 1700 175
21 2275 3845 1723 167
22 2318 3866 1680 146
23 2398 3844 1602 130
24 2363 3861 1635 131
25 2343 3858 1657 138
26 2258 3879 1740 149
27 2272 3810 1728 130
28 2219 3880 1777 154
29 2281 3851 1719 131
30 2276 3883 1722 141
31 2260 3828 1740 166
32 2313 3824 1687 158
33 2269 3857 1727 133
34 2285 3893 1713 117
35 2316 3903 1680 121
36 2302 3854 1694 138
37 2291 3855 1709 155
38 2312 3844 1686 148
39 2287 3823 1711 165
40 2349 3820 1651 178
41 2327 3859 1669 149
42 2285 3852 1713 158
43 2266 3823 1732 161
44 2272 3822 1728 152
45 2319 3895 1679 119
46 2277 3880 1719 126
47 2298 3823 1702 143
48 2313 3872 1687 142
49 2277 3870 1723 126
50 2352 3858 1646 150
51 2250 3892 1750 116
52 2255 3821 1743 163
53 2319 3836 1681 154
54 2286 3856 1714 160
55 2306 3847 1692 151
56 2313 3827 1681 169
57 2217 3862 1779 136
58 2291 3852 1709 140
59 2265 3859 1733 135
60 2281 3847 1717 151
61 2289 3862 1711 150
62 2332 3847 1666 143
63 2275 3860 1725 142
64 2296 3865 1698 147
65 2244 3839 1754 149
66 2275 3832 1721 144
67 2316 3870 1682 148
68 2250 3837 1748 147
69 2269 3868 1729 132
70 2318 3872 1678 150
71 2306 3830 1692 138
72 2261 3867 1739 139
73 2286 3879 1712 145
74 2313 3824 1683 150
75 2306 3854 1690 142
76 2278 3844 1722 140
77 2257 3867 1741 157
78 2236 3850 1762 152
79 2275 3851 1725 147
80 2317 3833 1683 147
81 2248 3859 1748 161
82 2294 3837 1704 143
83 2236 3859 1762 143
84 2264 3870 1734 144
85 2275 3832 1719 150
86 2249 3834 1751 150
87 2291 3860 1707 144
88 2305 3871 1695 125
89 2317 3877 1679 137
90 2291 3857 1709 139
91 2313 3846 1687 156
92 2281 3843 1719 143
93 2308 3884 1692 140
94 2273 3812 1725 166
95 2354 3833 1642 153
96 2305 3867 1695 141
97 2279 3828 1719 162
98 2253 3878 1747 138
99 2287 3872 1709 124
100 2275 3875 1723 135
