Infected Person 	582
level 1
1 12 2 8 
level 2
5 86 6 23 22 3 26 57 172 229 630 914 488 156 585 703 745 298 735 495 854 893 786 213 85 171 930 311 308 309 306 627 259 273 821 855 415 565 410 166 702 752 869 829 290 788 291 357 345 202 418 349 878 282 405 599 724 867 177 101 634 505 378 237 406 543 727 493 503 584 645 956 562 210 663 367 972 468 810 360 153 637 871 907 365 411 865 934 371 342 139 641 383 476 239 946 640 419 935 312 379 200 486 198 179 466 324 776 130 877 201 532 219 356 801 303 659 564 928 390 295 165 465 341 164 251 672 789 382 80 301 162 587 731 742 299 427 646 310 300 814 176 249 344 118 347 223 267 314 746 135 513 915 207 511 713 739 583 455 413 343 149 606 555 642 738 169 699 386 570 145 542 274 605 700 117 639 242 918 374 924 572 597 806 281 368 666 197 719 432 100 407 706 823 444 768 81 498 675 799 227 369 216 142 261 241 847 270 433 864 521 965 395 194 381 491 906 720 98 220 362 144 238 250 307 173 214 409 280 632 464 54 191 664 485 256 211 75 115 448 359 127 385 136 170 112 224 688 163 412 558 603 843 39 48 45 62 304 797 886 885 600 704 423 178 122 554 105 140 467 520 923 43 968 825 336 146 350 158 174 137 236 203 71 150 420 481 510 96 525 424 323 186 73 50 147 94 231 289 614 152 68 124 479 113 189 99 175 264 489 230 59 89 425 70 92 90 116 222 235 111 574 161 205 743 95 125 35 221 24 388 288 107 76 129 182 244 126 67 148 159 167 97 328 329 155 226 49 217 346 673 30 128 58 42 286 123 275 759 168 77 287 212 60 33 435 46 305 232 66 355 193 109 354 79 53 104 91 106 78 38 258 302 52 31 56 69 37 102 15 34 276 292 41 204 29 93 51 121 40 484 83 473 36 248 454 64 157 47 131 63 114 268 110 269 44 119 88 61 55 482 72 7 13 10 154 87 82 32 21 17 74 803 18 181 120 103 84 134 27 442 9 65 28 151 108 25 14 19 11 20 132 16 271 4 143 437 461 692 860 940 180 351 635 932 160 576 695 372 880 397 490 750 225 648 284 624 188 436 449 751 277 643 400 781 500 348 398 889 141 196 980 891 848 471 830 809 462 260 352 240 785 902 949 252 931 979 682 592 749 697 609 970 712 905 807 313 977 764 477 255 901 612 631 994 615 370 732 497 247 483 633 463 770 728 861 798 820 716 626 524 734 496 791 620 903 898 894 537 840 552 996 689 737 353 581 184 363 262 824 579 832 504 499 863 494 817 711 758 335 681 947 694 613 522 563 492 808 517 546 649 945 708 783 416 586 330 683 528 736 862 936 529 401 828 773 315 942 744 501 387 690 253 874 474 538 316 963 674 853 272 715 502 595 981 800 590 322 361 771 657 384 559 876 527 705 569 317 733 514 667 430 459 279 721 616 478 795 321 539 851 394 812 685 456 796 908 722 445 380 414 265 761 460 540 892 402 518 571 802 475 589 245 441 470 190 607 215 373 257 327 391 656 133 983 519 507 195 319 868 234 661 804 961 431 588 763 687 297 911 887 332 670 943 428 668 364 760 183 233 740 921 138 653 218 723 533 958 816 551 544 775 714 438 278 296 452 575 453 208 778 192 334 366 392 263 440 206 766 294 243 408 523 792 636 451 650 508 566 246 320 556 228 283 185 187 340 333 531 331 506 730 339 560 326 549 679 457 671 622 487 655 293 318 199 813 578 376 446 669 777 580 684 338 680 375 422 754 617 780 762 987 443 337 209 515 937 693 
level 3
516 1000 950 757 429 325 403 993 469 929 873 836 696 925 774 835 389 849 573 998 541 850 815 591 545 421 608 647 951 984 377 618 838 725 755 784 439 954 741 973 833 941 890 601 897 266 866 895 393 623 872 726 884 899 530 842 753 535 997 718 698 660 548 534 619 625 883 962 417 986 919 920 982 550 909 621 819 831 662 769 922 988 598 955 927 857 610 916 509 707 767 790 701 568 665 557 904 793 396 959 472 933 912 818 888 426 794 285 834 358 399 856 676 875 594 254 879 547 644 852 628 458 434 604 974 939 844 967 596 651 990 561 976 957 710 782 822 779 447 841 964 677 858 450 846 526 960 638 989 404 512 747 536 845 629 756 805 827 772 999 480 975 870 826 553 966 952 787 658 717 992 944 837 748 577 839 709 896 910 729 593 765 652 654 938 611 900 985 882 602 881 686 995 691 917 969 678 859 811 567 953 978 
Infected Person 	633
level 1

