1 10000 0 80000
2 10000 0 119998
3 10000 0 159968
4 10000 0 199938
5 10000 0 239884
6 10000 0 279798
7 10000 0 319696
8 10000 0 359580
9 10000 0 399472
10 10000 0 439348
11 10000 0 430938
12 10000 0 429388
13 10000 0 429010
14 10000 0 428952
15 10000 0 429058
16 10000 0 429038
17 10000 0 428958
18 10000 0 428878
19 10000 0 428702
20 10000 0 428828
21 10000 0 428720
22 10000 0 428920
23 10000 0 429040
24 10000 0 429060
25 10000 0 428926
26 10000 0 428810
27 10000 0 429086
28 10000 0 428810
29 10000 0 428928
30 10000 0 428974
31 10000 0 429082
32 10000 0 429088
33 10000 0 428890
34 10000 0 428966
35 10000 0 429080
36 10000 0 429062
37 10000 0 428836
38 10000 0 428884
39 10000 0 428792
40 10000 0 428868
41 10000 0 428778
42 10000 0 428836
43 10000 0 428988
44 10000 0 428956
45 10000 0 428810
46 10000 0 428882
47 10000 0 429182
48 10000 0 428938
49 10000 0 428966
50 10000 0 428792
51 10000 0 428912
52 10000 0 429160
53 10000 0 429004
54 10000 0 428934
55 10000 0 428902
56 10000 0 429058
57 10000 0 428890
58 10000 0 428714
59 10000 0 428868
60 10000 0 428854
61 10000 0 428896
62 10000 0 428954
63 10000 0 428852
64 10000 0 428888
65 10000 0 428824
66 10000 0 428748
67 10000 0 428620
68 10000 0 428912
69 10000 0 429050
70 10000 0 428790
71 10000 0 428886
72 10000 0 428886
73 10000 0 429048
74 10000 0 428996
75 10000 0 428816
76 10000 0 428988
77 10000 0 429024
78 10000 0 428796
79 10000 0 429048
80 10000 0 428954
81 10000 0 428940
82 10000 0 428922
83 10000 0 428920
84 10000 0 429050
85 10000 0 428934
86 10000 0 429052
87 10000 0 429020
88 10000 0 429078
89 10000 0 428880
90 10000 0 428924
91 10000 0 428926
92 10000 0 429070
93 10000 0 428788
94 10000 0 428890
95 10000 0 428840
96 10000 0 428750
97 10000 0 428944
98 10000 0 429020
99 10000 0 429018
100 10000 0 428870
