1 80000 0 0 0
2 39998 0 0 0
3 39970 0 0 0
4 39970 0 0 0
5 39946 0 0 0
6 39914 0 0 0
7 39898 0 0 0
8 39884 0 0 0
9 39892 0 0 0
10 39876 0 0 0
11 39836 48246 0 0
12 39830 41380 0 0
13 39804 40182 0 0
14 39840 39898 0 0
15 39834 39728 0 0
16 39858 39878 0 0
17 39832 39912 0 0
18 39818 39898 0 0
19 39804 39980 0 0
20 39818 39692 0 0
21 39820 39928 0 0
22 39854 39654 0 0
23 39854 39734 0 0
24 39830 39810 0 0
25 39868 40002 0 0
26 39836 39952 0 0
27 39858 39582 0 0
28 39826 40102 0 0
29 39842 39726 2 0
30 39840 39794 0 0
31 39856 39748 0 0
32 39844 39838 0 0
33 39862 40060 0 0
34 39866 39790 0 0
35 39838 39724 0 0
36 39804 39822 0 0
37 39854 40080 0 0
38 39824 39776 0 0
39 39812 39904 0 0
40 39814 39738 0 0
41 39822 39912 0 0
42 39836 39778 0 0
43 39864 39712 0 0
44 39832 39864 0 0
45 39838 39984 0 0
46 39818 39746 0 0
47 39858 39558 0 0
48 39854 40098 0 0
49 39826 39798 0 0
50 39862 40036 0 0
51 39864 39744 0 0
52 39852 39604 0 0
53 39848 40004 0 0
54 39858 39928 0 0
55 39816 39848 0 0
56 39822 39666 0 0
57 39846 40014 0 0
58 39802 39978 0 0
59 39824 39670 0 0
60 39820 39834 0 0
61 39846 39804 0 0
62 39820 39762 0 0
63 39844 39946 0 0
64 39830 39794 0 0
65 39840 39904 0 0
66 39852 39928 0 0
67 39814 39942 0 0
68 39860 39568 0 0
69 39818 39680 0 0
70 39834 40094 0 0
71 39822 39726 0 0
72 39864 39864 0 0
73 39892 39730 0 0
74 39848 39900 0 0
75 39834 40014 0 0
76 39870 39698 0 0
77 39836 39800 0 0
78 39848 40076 0 0
79 39860 39608 0 0
80 39832 39926 0 0
81 39852 39866 0 0
82 39832 39850 0 0
83 39866 39868 0 0
84 39856 39726 0 0
85 39862 39978 0 0
86 39868 39750 0 0
87 39840 39872 0 0
88 39856 39798 0 0
89 39840 40038 0 0
90 39832 39788 0 0
91 39816 39814 0 0
92 39824 39680 0 0
93 39824 40106 0 0
94 39866 39764 0 0
95 39814 39864 0 0
96 39862 39952 0 0
97 39872 39678 0 0
98 39838 39762 0 0
99 39832 39834 0 0
100 39808 39956 0 0
