1 10000 0 50000
2 10000 0 89984
3 10000 0 129948
4 10000 0 169902
5 10000 0 209820
6 10000 0 249718
7 10000 7 289625
8 10000 91 329445
9 10000 557 368833
10 10000 2711 406531
11 10000 2550 405758
12 10000 2442 405866
13 10000 2508 405756
14 10000 2400 405886
15 10000 2512 405766
16 10000 2519 405735
17 10000 2612 405750
18 10000 2678 405620
19 10000 2428 405820
20 10000 2355 405935
21 10000 2475 405845
22 10000 2470 405798
23 10000 2420 405890
24 10000 2500 405856
25 10000 2407 405921
26 10000 2443 405951
27 10000 2613 405763
28 10000 2699 405757
29 10000 2692 405658
30 10000 2559 405723
31 10000 2491 405781
32 10000 2463 405783
33 10000 2511 405829
34 10000 2613 405641
35 10000 2548 405768
36 10000 2571 405695
37 10000 2522 405708
38 10000 2584 405624
39 10000 2551 405793
40 10000 2595 405743
41 10000 2541 405893
42 10000 2510 405872
43 10000 2509 405863
44 10000 2640 405680
45 10000 2600 405758
46 10000 2499 405757
47 10000 2607 405615
48 10000 2535 405675
49 10000 2600 405702
50 10000 2544 405742
51 10000 2446 405750
52 10000 2429 405855
53 10000 2547 405699
54 10000 2440 405792
55 10000 2512 405776
56 10000 2477 405777
57 10000 2489 405793
58 10000 2490 405814
59 10000 2503 405827
60 10000 2540 405778
61 10000 2471 405875
62 10000 2550 405748
63 10000 2403 405833
64 10000 2391 405839
65 10000 2333 405921
66 10000 2322 405962
67 10000 2374 405864
68 10000 2298 405926
69 10000 2292 405998
70 10000 2316 405894
71 10000 2356 405884
72 10000 2424 405818
73 10000 2527 405729
74 10000 2602 405736
75 10000 2461 405791
76 10000 2417 405911
77 10000 2428 405826
78 10000 2492 405802
79 10000 2471 405833
80 10000 2465 405861
81 10000 2547 405845
82 10000 2397 405869
83 10000 2520 405820
84 10000 2475 405831
85 10000 2494 405774
86 10000 2474 405846
87 10000 2617 405613
88 10000 2664 405708
89 10000 2588 405766
90 10000 2642 405698
91 10000 2642 405694
92 10000 2653 405629
93 10000 2629 405691
94 10000 2534 405776
95 10000 2499 405827
96 10000 2543 405777
97 10000 2553 405817
98 10000 2491 405767
99 10000 2447 405877
100 10000 2436 405844
