1 50000 0 0 0
2 39984 0 0 0
3 39964 0 0 0
4 39954 0 0 0
5 39918 0 0 0
6 39898 0 0 0
7 39907 0 7 0
8 39820 0 84 0
9 39388 0 466 0
10 37698 0 2154 0
11 33408 40790 6448 0
12 33464 39826 6362 0
13 33445 39870 6381 0
14 33510 39818 6330 0
15 33385 39838 6445 0
16 33524 39874 6326 0
17 33583 39736 6261 0
18 33385 39880 6431 0
19 33618 39851 6212 29
20 33613 39784 6237 24
21 33462 39777 6360 15
22 33560 39873 6282 21
23 33722 39786 6132 26
24 33640 39795 6224 23
25 33817 39853 6035 27
26 33732 39726 6086 26
27 33402 39825 6428 23
28 33557 39743 6279 13
29 33473 39916 6355 18
30 33678 39896 6172 22
31 33704 39802 6104 16
32 33709 39850 6129 14
33 33633 39751 6231 19
34 33512 39872 6292 18
35 33505 39781 6353 15
36 33414 39870 6426 20
37 33524 39853 6328 35
38 33544 39816 6278 28
39 33577 39704 6285 22
40 33613 39850 6245 14
41 33654 39747 6210 21
42 33357 39874 6477 12
43 33472 39798 6340 24
44 33483 39883 6369 21
45 33464 39775 6362 13
46 33598 39922 6246 24
47 33534 39853 6298 13
48 33659 39835 6179 15
49 33528 39733 6312 15
50 33662 39850 6194 22
51 33529 39884 6291 26
52 33554 39722 6268 12
53 33616 39875 6242 21
54 33581 39830 6261 26
55 33568 39771 6280 21
56 33557 39869 6293 15
57 33631 39789 6213 27
58 33703 39815 6157 23
59 33683 39799 6161 19
60 33754 39810 6066 22
61 33723 39792 6115 18
62 33621 39869 6219 19
63 33742 39839 6058 23
64 33870 39865 6004 15
65 33711 39783 6111 15
66 33747 39760 6071 28
67 33901 39859 5935 23
68 33874 39825 5956 19
69 33799 39757 6037 13
70 33738 39882 6086 22
71 33840 39787 5994 17
72 33699 39820 6147 24
73 33501 39814 6349 22
74 33452 39724 6382 28
75 33533 39908 6319 30
76 33428 39748 6432 36
77 33575 39858 6245 36
78 33457 39766 6375 26
79 33511 39814 6335 22
80 33595 39787 6245 31
81 33527 39728 6285 18
82 33558 39943 6282 23
83 33362 39747 6476 17
84 33498 39850 6352 34
85 33478 39855 6352 13
86 33653 39753 6189 37
87 33319 39904 6517 22
88 33497 39652 6313 16
89 33715 39851 6149 31
90 33576 39817 6246 19
91 33561 39851 6313 27
92 33368 39852 6466 36
93 33450 39785 6402 29
94 33461 39806 6365 30
95 33598 39814 6242 10
96 33745 39860 6119 10
97 33681 39736 6149 44
98 33445 39917 6383 23
99 33642 39768 6204 12
100 33610 39819 6198 33
