1 10000 0 5000
2 10000 1 7999
3 10000 13 10985
4 10000 40 13956
5 10000 99 16897
6 10000 196 19796
7 10000 393 22599
8 10000 714 25278
9 10000 1170 27820
10 10000 1774 30214
11 10000 1739 29903
12 10000 1626 29954
13 10000 1664 29918
14 10000 1677 29923
15 10000 1650 29926
16 10000 1637 29929
17 10000 1627 29991
18 10000 1646 29960
19 10000 1616 30040
20 10000 1614 29998
21 10000 1673 29921
22 10000 1691 29935
23 10000 1694 29882
24 10000 1694 29862
25 10000 1693 29927
26 10000 1683 29879
27 10000 1654 29952
28 10000 1613 29963
29 10000 1636 30004
30 10000 1640 29976
31 10000 1652 29940
32 10000 1659 29979
33 10000 1682 29918
34 10000 1695 29907
35 10000 1644 29964
36 10000 1653 29945
37 10000 1663 29939
38 10000 1691 29909
39 10000 1723 29891
40 10000 1693 29903
41 10000 1669 29929
42 10000 1682 29888
43 10000 1739 29863
44 10000 1684 29924
45 10000 1650 29934
46 10000 1661 29889
47 10000 1643 29903
48 10000 1665 29913
49 10000 1673 29955
50 10000 1674 29928
51 10000 1712 29890
52 10000 1733 29797
53 10000 1711 29873
54 10000 1750 29854
55 10000 1733 29855
56 10000 1745 29849
57 10000 1783 29843
58 10000 1748 29858
59 10000 1719 29885
60 10000 1715 29869
61 10000 1654 29922
62 10000 1631 29965
63 10000 1628 29972
64 10000 1606 29990
65 10000 1612 29992
66 10000 1692 29922
67 10000 1673 29901
68 10000 1634 30010
69 10000 1620 29934
70 10000 1618 29986
71 10000 1595 30003
72 10000 1633 29941
73 10000 1601 29943
74 10000 1617 29985
75 10000 1647 29971
76 10000 1590 30032
77 10000 1614 30002
78 10000 1621 29953
79 10000 1689 29913
80 10000 1662 29948
81 10000 1641 29963
82 10000 1648 29940
83 10000 1642 29954
84 10000 1646 29952
85 10000 1650 29938
86 10000 1660 29928
87 10000 1649 29913
88 10000 1643 29927
89 10000 1603 29981
90 10000 1645 29931
91 10000 1680 29918
92 10000 1667 29903
93 10000 1706 29888
94 10000 1726 29854
95 10000 1784 29808
96 10000 1776 29822
97 10000 1741 29863
98 10000 1758 29866
99 10000 1737 29863
100 10000 1720 29878
