1 5000 0 0 0
2 2999 0 1 0
3 2986 0 12 0
4 2971 0 27 0
5 2941 0 59 0
6 2899 0 97 0
7 2803 0 197 0
8 2679 0 321 0
9 2542 0 456 0
10 2394 0 604 0
11 2242 3346 758 0
12 2319 3062 681 0
13 2253 2991 741 1
14 2282 2977 718 5
15 2325 3018 673 4
16 2305 2995 695 15
17 2282 2923 716 23
18 2259 2973 741 39
19 2299 2904 701 46
20 2280 3004 720 40
21 2261 2994 737 22
22 2274 2943 722 21
23 2298 3018 702 32
24 2290 2987 710 33
25 2292 2902 708 34
26 2259 3023 737 31
27 2325 2931 675 25
28 2279 2991 721 39
29 2272 2910 728 26
30 2313 2990 687 34
31 2260 2988 740 36
32 2295 2924 705 30
33 2290 3015 710 23
34 2279 2969 721 29
35 2317 2964 679 26
36 2277 2967 723 43
37 2252 2966 748 30
38 2283 2971 717 31
39 2248 2969 750 15
40 2309 2988 691 30
41 2304 2977 692 17
42 2280 2990 718 36
43 2237 2937 763 31
44 2285 2956 715 38
45 2287 2994 711 28
46 2277 2999 717 29
47 2270 2963 728 39
48 2317 2949 681 17
49 2240 2912 760 38
50 2267 2992 733 34
51 2257 2967 743 33
52 2269 3044 731 28
53 2282 2903 718 43
54 2248 2956 752 24
55 2280 2983 720 33
56 2279 2965 721 29
57 2246 2925 752 41
58 2290 2986 710 34
59 2280 2965 720 37
60 2228 2992 772 28
61 2279 2975 719 31
62 2305 2939 695 41
63 2285 2969 715 27
64 2291 2970 709 34
65 2282 2956 714 32
66 2218 2966 780 22
67 2286 2994 712 44
68 2305 2892 693 36
69 2279 3060 719 28
70 2298 2923 702 27
71 2302 2976 694 26
72 2265 3001 733 21
73 2300 3001 700 29
74 2286 2905 710 33
75 2235 2952 761 28
76 2335 2966 665 30
77 2269 2974 731 32
78 2267 3017 733 25
79 2282 2946 714 22
80 2275 2963 723 27
81 2300 2981 700 25
82 2308 2987 690 27
83 2319 2967 681 25
84 2285 2964 713 32
85 2293 2976 707 34
86 2258 2962 740 36
87 2292 2989 708 37
88 2285 2965 713 25
89 2346 2957 652 27
90 2253 2973 747 35
91 2268 2959 732 19
92 2279 2999 721 29
93 2270 2943 730 33
94 2295 2980 703 32
95 2273 2964 727 24
96 2243 2960 757 34
97 2273 2968 727 26
98 2290 2956 710 24
99 2298 2992 698 28
100 2348 2967 650 33
