1 10000 0 80000
2 10000 0 159946
3 10000 0 239822
4 10000 0 319636
5 10000 0 399374
6 10000 0 479046
7 10000 23 558619
8 10000 682 637528
9 10000 7465 710187
10 10000 33711 763363
11 10000 33838 763168
12 10000 33873 763141
13 10000 34138 762892
14 10000 34239 762855
15 10000 34275 762827
16 10000 34265 762919
17 10000 34095 763107
18 10000 34317 762827
19 10000 34427 762755
20 10000 34145 762993
21 10000 34045 763057
22 10000 34067 763073
23 10000 34293 762887
24 10000 34001 763145
25 10000 33965 763097
26 10000 33910 763192
27 10000 33906 763218
28 10000 33940 763266
29 10000 33815 763333
30 10000 33923 763321
31 10000 34293 762917
32 10000 34270 762894
33 10000 34448 762682
34 10000 34097 762957
35 10000 34152 762954
36 10000 33961 763059
37 10000 33945 763129
38 10000 33879 763257
39 10000 33623 763553
40 10000 33683 763435
41 10000 33921 763217
42 10000 34060 763120
43 10000 34227 762939
44 10000 34333 762797
45 10000 34189 762925
46 10000 34377 762781
47 10000 33905 763245
48 10000 33736 763374
49 10000 33753 763373
50 10000 33885 763255
51 10000 33775 763345
52 10000 34089 763051
53 10000 33899 763287
54 10000 34092 763118
55 10000 33982 763160
56 10000 34139 763037
57 10000 34136 762992
58 10000 34068 763012
59 10000 34098 763000
60 10000 34422 762698
61 10000 33944 763150
62 10000 33973 763075
63 10000 33883 763179
64 10000 34127 762929
65 10000 33858 763200
66 10000 34189 762907
67 10000 34027 763139
68 10000 34084 763056
69 10000 33968 763062
70 10000 33799 763251
71 10000 33788 763230
72 10000 33402 763564
73 10000 33808 763204
74 10000 34120 762984
75 10000 34134 762976
76 10000 34071 763075
77 10000 34549 762571
78 10000 34585 762537
79 10000 34240 762782
80 10000 34023 763035
81 10000 33937 763071
82 10000 34249 762809
83 10000 34395 762633
84 10000 34168 762938
85 10000 34080 763066
86 10000 34265 762865
87 10000 34096 763042
88 10000 34215 762865
89 10000 34021 763065
90 10000 34068 763046
91 10000 33831 763229
92 10000 33546 763420
93 10000 33637 763317
94 10000 33954 763144
95 10000 33890 763188
96 10000 33859 763225
97 10000 33686 763350
98 10000 34037 762991
99 10000 34133 762961
100 10000 34114 763018
