1 80000 0 0 0
2 79946 0 0 0
3 79876 0 0 0
4 79814 0 0 0
5 79738 0 0 0
6 79672 0 0 0
7 79573 0 23 0
8 78909 0 659 0
9 72659 0 6783 0
10 53176 0 26246 0
11 26440 79414 52906 0
12 26498 79366 52876 0
13 26302 79346 53060 0
14 26621 79306 52749 0
15 26617 79362 52753 0
16 26599 79252 52735 0
17 26751 79372 52661 22
18 26408 79184 52974 256
19 26710 77450 52688 1910
20 26892 75531 52444 3849
21 26737 78279 52603 1097
22 26652 78177 52700 1137
23 26727 78035 52615 1267
24 26976 78104 52386 1292
25 26409 78082 52947 1358
26 26782 78063 52650 1329
27 26613 77891 52777 1477
28 26449 77813 52975 1529
29 26601 77873 52689 1475
30 26535 77667 52887 1659
31 26505 77989 52877 1427
32 26620 78044 52722 1344
33 26379 77871 52967 1509
34 26695 77977 52607 1401
35 26645 77783 52735 1545
36 26526 78043 52810 1379
37 26591 77798 52819 1558
38 26765 77780 52595 1518
39 26649 77809 52713 1513
40 26486 77988 52858 1414
41 26441 77871 52899 1449
42 26454 77875 52946 1483
43 26465 77904 52929 1504
44 26546 77936 52790 1436
45 26594 77976 52786 1420
46 26912 77791 52470 1547
47 27066 77864 52278 1488
48 26530 77806 52782 1546
49 26364 77953 52990 1385
50 26365 77902 53025 1474
51 26540 77986 52786 1360
52 26218 77843 53174 1529
53 26625 77840 52775 1514
54 26518 77870 52868 1492
55 26733 78020 52627 1408
56 26530 77880 52794 1410
57 26529 77919 52781 1439
58 26600 78026 52722 1344
59 26536 77915 52796 1399
60 26361 77918 53061 1482
61 26861 77899 52473 1461
62 26521 77880 52803 1490
63 26519 77788 52793 1510
64 26446 77810 52872 1514
65 26591 77929 52791 1451
66 26461 77884 52905 1444
67 26526 77887 52880 1449
68 26332 78073 53038 1323
69 26376 77870 52894 1510
70 26590 77863 52760 1467
71 26391 77952 52935 1406
72 26485 77863 52855 1529
73 26309 77994 53113 1382
74 26617 77715 52741 1551
75 26764 77819 52592 1531
76 26726 77870 52644 1464
77 26518 77888 52796 1452
78 26593 77838 52771 1524
79 26780 77899 52528 1509
80 26762 77847 52622 1501
81 26447 77886 52853 1464
82 26267 77973 53125 1369
83 26574 77873 52728 1459
84 26646 77766 52784 1586
85 26673 77865 52757 1525
86 26270 77895 53064 1455
87 26710 77849 52658 1511
88 26543 77926 52747 1422
89 26899 77970 52487 1410
90 26907 77943 52465 1401
91 26969 78059 52415 1379
92 26766 77773 52540 1627
93 26248 77814 53054 1500
94 26515 77804 52869 1436
95 26590 77905 52744 1449
96 26459 77901 52909 1461
97 26606 78026 52766 1394
98 26445 77937 52933 1449
99 26692 77898 52680 1408
100 26748 77730 52566 1546
