1 10000 0 50000
2 10000 0 94976
3 10000 0 139942
4 10000 0 184880
5 10000 0 229800
6 10000 1 274689
7 10000 30 319552
8 10000 424 364012
9 10000 2690 406568
10 10000 10238 443866
11 10000 10066 443762
12 10000 10110 443666
13 10000 10190 443628
14 10000 10147 443619
15 10000 9987 443817
16 10000 9876 443942
17 10000 9794 444008
18 10000 9791 443977
19 10000 9900 443890
20 10000 9908 443962
21 10000 9910 443988
22 10000 9848 444022
23 10000 9989 443905
24 10000 10031 443861
25 10000 10136 443754
26 10000 10019 443877
27 10000 9936 443908
28 10000 9886 443914
29 10000 9892 443986
30 10000 9917 443973
31 10000 10120 443742
32 10000 10367 443473
33 10000 10231 443581
34 10000 10150 443702
35 10000 9924 443928
36 10000 9971 443897
37 10000 9866 443996
38 10000 10064 443760
39 10000 9899 443947
40 10000 9902 443894
41 10000 9936 443852
42 10000 9970 443862
43 10000 10028 443748
44 10000 10072 443704
45 10000 10200 443644
46 10000 10323 443497
47 10000 10265 443511
48 10000 10091 443727
49 10000 10418 443400
50 10000 10290 443554
51 10000 10353 443503
52 10000 10408 443444
53 10000 10289 443531
54 10000 10571 443281
55 10000 10590 443268
56 10000 10449 443397
57 10000 10557 443271
58 10000 10527 443279
59 10000 10589 443221
60 10000 10379 443469
61 10000 10584 443248
62 10000 10527 443307
63 10000 10530 443312
64 10000 10547 443229
65 10000 10372 443460
66 10000 10238 443582
67 10000 10342 443558
68 10000 10557 443335
69 10000 10387 443481
70 10000 10291 443567
71 10000 10371 443537
72 10000 10395 443497
73 10000 10301 443527
74 10000 10114 443726
75 10000 9985 443893
76 10000 9750 444122
77 10000 9694 444158
78 10000 9740 444136
79 10000 9893 444011
80 10000 10029 443825
81 10000 10039 443737
82 10000 10085 443731
83 10000 9899 443883
84 10000 10083 443731
85 10000 10236 443538
86 10000 10182 443602
87 10000 10268 443482
88 10000 10033 443807
89 10000 10019 443819
90 10000 9841 443941
91 10000 9711 444069
92 10000 9926 443854
93 10000 9846 443936
94 10000 9722 444058
95 10000 9798 443952
96 10000 9964 443836
97 10000 9937 443851
98 10000 9894 443914
99 10000 10065 443759
100 10000 10153 443705
