1 50000 0 0 0
2 44976 0 0 0
3 44966 0 0 0
4 44938 0 0 0
5 44920 0 0 0
6 44889 0 1 0
7 44863 0 29 0
8 44460 0 394 0
9 42556 0 2266 0
10 37298 0 7548 0
11 27706 45078 17096 0
12 27614 44846 17180 0
13 27641 44766 17167 0
14 27657 44832 17123 0
15 27816 44772 16994 0
16 27728 44795 17082 1
17 27580 44801 17206 1
18 27691 44797 17121 49
19 27433 44515 17369 265
20 27604 44208 17198 514
21 27583 44590 17221 186
22 27647 44622 17143 196
23 27443 44567 17365 217
24 27488 44583 17298 205
25 27704 44615 17096 187
26 27698 44571 17084 205
27 27542 44663 17268 199
28 27417 44624 17373 210
29 27659 44539 17171 213
30 27609 44587 17219 229
31 27443 44573 17313 211
32 27412 44538 17350 246
33 27766 44595 17046 245
34 27672 44555 17150 227
35 27729 44563 17077 243
36 27544 44530 17248 246
37 27616 44460 17160 322
38 27638 44626 17180 230
39 27737 44528 17037 224
40 27520 44617 17260 213
41 27542 44583 17258 225
42 27665 44483 17117 255
43 27514 44582 17258 246
44 27546 44577 17248 217
45 27562 44537 17232 189
46 27662 44608 17126 204
47 27736 44629 17076 227
48 27797 44538 16983 200
49 27383 44587 17409 205
50 27578 44516 17216 252
51 27311 44570 17491 220
52 27377 44562 17453 272
53 27541 44590 17237 220
54 27390 44498 17390 250
55 27577 44536 17209 244
56 27607 44553 17187 253
57 27437 44567 17329 217
58 27772 44582 17032 244
59 27591 44544 17221 264
60 27605 44540 17193 220
61 27303 44533 17459 245
62 27553 44588 17273 236
63 27500 44498 17310 304
64 27523 44590 17281 280
65 27574 44540 17266 244
66 27486 44546 17300 252
67 27458 44475 17340 243
68 27378 44553 17420 253
69 27599 44572 17205 256
70 27594 44531 17178 251
71 27555 44539 17263 229
72 27703 44538 17087 268
73 27706 44610 17070 230
74 27805 44580 17015 228
75 27697 44500 17101 260
76 27606 44543 17192 261
77 27704 44514 17094 304
78 27725 44519 17043 225
79 27646 44520 17128 226
80 27850 44652 16958 206
81 27799 44645 17001 233
82 27785 44520 16997 222
83 27726 44594 17064 230
84 27346 44554 17442 202
85 27299 44593 17477 223
86 27395 44524 17373 234
87 27402 44574 17380 242
88 27594 44485 17224 243
89 27518 44570 17278 228
90 27647 44560 17111 254
91 27678 44537 17120 263
92 27528 44565 17238 201
93 27619 44511 17159 265
94 27745 44545 17041 243
95 27620 44587 17158 221
96 27727 44536 17083 224
97 27698 44552 17100 258
98 27528 44615 17300 193
99 27393 44573 17391 195
100 27432 44558 17356 196
