1 10000 0 5000
2 10000 4 9494
3 10000 50 13948
4 10000 167 18331
5 10000 469 22529
6 10000 984 26514
7 10000 1729 30269
8 10000 2926 33572
9 10000 4448 36546
10 10000 6419 39075
11 10000 6415 39067
12 10000 6366 39108
13 10000 6447 39031
14 10000 6398 39068
15 10000 6408 39062
16 10000 6420 39044
17 10000 6409 39071
18 10000 6385 39077
19 10000 6324 39142
20 10000 6313 39151
21 10000 6328 39134
22 10000 6378 39090
23 10000 6407 39051
24 10000 6380 39074
25 10000 6405 39063
26 10000 6414 39050
27 10000 6417 39037
28 10000 6418 39038
29 10000 6453 39003
30 10000 6455 39013
31 10000 6412 39052
32 10000 6416 39046
33 10000 6336 39118
34 10000 6427 39031
35 10000 6393 39079
36 10000 6302 39176
37 10000 6372 39102
38 10000 6384 39080
39 10000 6416 39050
40 10000 6431 39039
41 10000 6499 38957
42 10000 6416 39048
43 10000 6431 39049
44 10000 6483 38995
45 10000 6489 38979
46 10000 6462 39008
47 10000 6485 38993
48 10000 6377 39101
49 10000 6392 39080
50 10000 6331 39131
51 10000 6339 39133
52 10000 6364 39102
53 10000 6408 39066
54 10000 6396 39078
55 10000 6447 39031
56 10000 6452 39032
57 10000 6388 39082
58 10000 6404 39070
59 10000 6417 39057
60 10000 6465 38997
61 10000 6501 38961
62 10000 6398 39074
63 10000 6361 39105
64 10000 6370 39094
65 10000 6384 39086
66 10000 6397 39081
67 10000 6379 39091
68 10000 6417 39041
69 10000 6423 39043
70 10000 6467 39005
71 10000 6401 39063
72 10000 6435 39025
73 10000 6373 39089
74 10000 6293 39159
75 10000 6314 39148
76 10000 6353 39107
77 10000 6418 39054
78 10000 6459 39003
79 10000 6412 39048
80 10000 6441 39035
81 10000 6523 38943
82 10000 6504 38966
83 10000 6437 39045
84 10000 6478 39000
85 10000 6399 39065
86 10000 6350 39108
87 10000 6396 39074
88 10000 6407 39071
89 10000 6370 39104
90 10000 6358 39106
91 10000 6310 39158
92 10000 6336 39132
93 10000 6363 39103
94 10000 6368 39100
95 10000 6337 39137
96 10000 6399 39081
97 10000 6424 39048
98 10000 6394 39070
99 10000 6463 39007
100 10000 6443 39023
