1 5000 0 0 0
2 4494 0 4 0
3 4454 0 46 0
4 4383 0 117 0
5 4198 0 302 0
6 3985 0 515 0
7 3755 0 745 0
8 3303 0 1197 0
9 2974 0 1522 0
10 2529 0 1971 0
11 2188 4512 2312 0
12 2187 4504 2311 2
13 2132 4477 2368 19
14 2195 4472 2305 40
15 2143 4398 2355 96
16 2183 4328 2313 174
17 2186 4264 2312 218
18 2146 4189 2346 321
19 2234 4185 2264 309
20 2141 4184 2359 318
21 2182 4280 2314 218
22 2155 4237 2343 255
23 2205 4266 2289 238
24 2180 4257 2318 245
25 2151 4235 2347 249
26 2193 4255 2307 249
27 2151 4260 2345 246
28 2211 4243 2285 251
29 2179 4245 2317 251
30 2172 4218 2328 270
31 2183 4240 2313 260
32 2164 4240 2332 258
33 2219 4254 2281 254
34 2136 4282 2360 210
35 2232 4227 2268 259
36 2237 4221 2263 273
37 2155 4254 2343 248
38 2142 4221 2356 287
39 2159 4228 2335 264
40 2142 4247 2356 247
41 2156 4266 2344 248
42 2232 4230 2268 262
43 2121 4243 2373 235
44 2108 4234 2388 264
45 2175 4235 2325 275
46 2193 4233 2305 263
47 2126 4214 2374 278
48 2203 4223 2295 275
49 2149 4244 2351 262
50 2197 4252 2303 258
51 2176 4233 2324 257
52 2114 4242 2382 260
53 2146 4239 2352 251
54 2150 4241 2350 259
55 2135 4230 2361 262
56 2190 4251 2308 241
57 2210 4290 2288 222
58 2140 4249 2358 245
59 2173 4251 2325 247
60 2109 4255 2391 257
61 2157 4236 2337 258
62 2231 4230 2269 260
63 2133 4235 2361 265
64 2167 4266 2331 234
65 2145 4252 2355 242
66 2180 4228 2320 264
67 2132 4239 2362 263
68 2157 4216 2341 294
69 2136 4217 2362 273
70 2071 4231 2425 259
71 2177 4245 2321 261
72 2160 4254 2334 244
73 2187 4256 2313 242
74 2236 4233 2264 277
75 2132 4196 2366 292
76 2161 4216 2337 284
77 2121 4239 2379 249
78 2159 4239 2339 269
79 2249 4266 2249 234
80 2155 4231 2345 253
81 2057 4267 2443 243
82 2187 4238 2309 254
83 2147 4218 2353 270
84 2132 4253 2368 251
85 2176 4230 2320 280
86 2215 4225 2283 279
87 2136 4203 2362 283
88 2176 4231 2322 259
89 2150 4232 2350 272
90 2102 4249 2396 259
91 2237 4209 2261 285
92 2180 4237 2318 261
93 2159 4248 2341 254
94 2216 4258 2284 240
95 2193 4234 2307 260
96 2141 4250 2359 244
97 2149 4255 2347 249
98 2178 4246 2320 260
99 2119 4260 2379 232
100 2200 4270 2298 232
