1 10000 0 80000
2 10000 0 135968
3 10000 0 191906
4 10000 0 247804
5 10000 0 303658
6 10000 0 359528
7 10000 0 415324
8 10000 0 471066
9 10000 12 526806
10 10000 105 582423
11 10000 118 579250
12 10000 106 578910
13 10000 55 578977
14 10000 49 579065
15 10000 29 579031
16 10000 63 579037
17 10000 83 578921
18 10000 62 579098
19 10000 50 579030
20 10000 49 579219
21 10000 46 579192
22 10000 35 579109
23 10000 29 579095
24 10000 24 579134
25 10000 45 578917
26 10000 66 578904
27 10000 55 579019
28 10000 66 579034
29 10000 85 578893
30 10000 64 578834
31 10000 73 578929
32 10000 76 578958
33 10000 61 578947
34 10000 67 578933
35 10000 52 579120
36 10000 49 578999
37 10000 56 579044
38 10000 72 579026
39 10000 70 579070
40 10000 98 578948
41 10000 50 579064
42 10000 72 578920
43 10000 75 578977
44 10000 51 579075
45 10000 54 579154
46 10000 35 579049
47 10000 38 579102
48 10000 48 579022
49 10000 47 578967
50 10000 58 578988
51 10000 67 579115
52 10000 59 578931
53 10000 80 578972
54 10000 75 578955
55 10000 77 578957
56 10000 75 579007
57 10000 58 579008
58 10000 61 579017
59 10000 69 579075
60 10000 60 579092
61 10000 57 578975
62 10000 59 578951
63 10000 59 579019
64 10000 57 578953
65 10000 50 579040
66 10000 65 579019
67 10000 99 578917
68 10000 85 578901
69 10000 87 578911
70 10000 64 578880
71 10000 60 578994
72 10000 46 579016
73 10000 49 579127
74 10000 59 579085
75 10000 83 578985
76 10000 52 578998
77 10000 43 579157
78 10000 39 579073
79 10000 38 579118
80 10000 47 579203
81 10000 72 579032
82 10000 57 579249
83 10000 57 579215
84 10000 48 579058
85 10000 50 579138
86 10000 33 579121
87 10000 53 579267
88 10000 54 579086
89 10000 63 578907
90 10000 74 578990
91 10000 82 579024
92 10000 63 579041
93 10000 82 578924
94 10000 98 578968
95 10000 90 578980
96 10000 83 579001
97 10000 75 579037
98 10000 55 579069
99 10000 50 579190
100 10000 70 578944
