1 80000 0 0 0
2 55968 0 0 0
3 55938 0 0 0
4 55898 0 0 0
5 55854 0 0 0
6 55870 0 0 0
7 55796 0 0 0
8 55742 0 0 0
9 55740 0 12 0
10 55617 0 93 0
11 54936 58844 748 0
12 54971 55988 665 0
13 55078 55680 618 0
14 55060 55640 662 0
15 55200 55780 526 0
16 55142 55628 526 0
17 55086 55776 594 0
18 55145 55540 551 0
19 55178 55816 558 0
20 55137 55508 559 0
21 55078 55722 614 0
22 55156 55794 544 0
23 55129 55706 557 0
24 55093 55630 571 0
25 55140 55880 544 0
26 55084 55686 610 0
27 55114 55596 586 0
28 55053 55652 625 0
29 55037 55794 635 0
30 55025 55746 641 0
31 55054 55604 654 0
32 54953 55598 677 0
33 55027 55732 679 0
34 55037 55720 675 0
35 55116 55542 598 0
36 55102 55814 588 0
37 55071 55662 643 0
38 54996 55666 668 0
39 55071 55664 635 0
40 55019 55786 673 0
41 55042 55596 622 0
42 55008 55766 636 0
43 55121 55644 583 0
44 55066 55642 650 0
45 55037 55600 645 0
46 55065 55826 637 0
47 55138 55658 576 0
48 55066 55776 640 0
49 55086 55750 608 0
50 55023 55646 655 0
51 55004 55542 674 0
52 55039 55882 651 0
53 54992 55594 664 0
54 55072 55698 604 0
55 55062 55692 634 0
56 55037 55616 627 0
57 55050 55716 650 0
58 55054 55660 618 0
59 55137 55642 571 0
60 55144 55694 558 0
61 55096 55796 580 0
62 55042 55668 604 0
63 55065 55614 617 0
64 55014 55742 660 0
65 55011 55580 649 0
66 55055 55690 629 0
67 55020 55722 634 0
68 55041 55698 627 0
69 55000 55640 652 0
70 55037 55740 649 0
71 55030 55582 662 0
72 55004 55670 674 0
73 55065 55598 647 0
74 55138 55744 574 0
75 55026 55768 666 0
76 55114 55744 612 0
77 55129 55532 553 0
78 55118 55760 554 0
79 55111 55660 593 0
80 55161 55636 569 0
81 55056 55836 634 0
82 55148 55532 586 0
83 55123 55784 627 0
84 55141 55858 551 0
85 55084 55562 560 0
86 55161 55726 531 0
87 55119 55498 545 0
88 55092 55848 576 0
89 55108 55870 592 0
90 55125 55604 573 0
91 55038 55646 650 0
92 55074 55714 638 0
93 54988 55744 658 0
94 55009 55610 661 0
95 55028 55686 662 0
96 55060 55696 650 0
97 55044 55684 668 0
98 55085 55654 581 0
99 55120 55598 594 0
100 55090 55912 596 0
