1 10000 0 20000
2 10000 0 30000
3 10000 0 39996
4 10000 0 49992
5 10000 0 59990
6 10000 0 69990
7 10000 0 79984
8 10000 8 89968
9 10000 22 99946
10 10000 79 109873
11 10000 64 107772
12 10000 60 107392
13 10000 86 107320
14 10000 80 107306
15 10000 80 107264
16 10000 64 107348
17 10000 69 107259
18 10000 73 107315
19 10000 79 107265
20 10000 97 107297
21 10000 78 107254
22 10000 70 107268
23 10000 69 107191
24 10000 86 107262
25 10000 78 107262
26 10000 74 107316
27 10000 52 107370
28 10000 54 107334
29 10000 55 107265
30 10000 58 107306
31 10000 63 107291
32 10000 72 107286
33 10000 70 107300
34 10000 68 107252
35 10000 62 107336
36 10000 50 107338
37 10000 43 107385
38 10000 49 107337
39 10000 61 107319
40 10000 63 107325
41 10000 57 107349
42 10000 41 107291
43 10000 41 107357
44 10000 38 107292
45 10000 33 107427
46 10000 31 107261
47 10000 33 107253
48 10000 48 107252
49 10000 63 107277
50 10000 64 107256
51 10000 71 107229
52 10000 74 107374
53 10000 55 107323
54 10000 62 107278
55 10000 63 107303
56 10000 76 107192
57 10000 73 107313
58 10000 83 107225
59 10000 84 107296
60 10000 93 107211
61 10000 90 107332
62 10000 78 107294
63 10000 71 107305
64 10000 67 107251
65 10000 52 107350
66 10000 62 107358
67 10000 58 107362
68 10000 50 107376
69 10000 55 107343
70 10000 59 107295
71 10000 62 107302
72 10000 72 107266
73 10000 55 107313
74 10000 79 107325
75 10000 74 107310
76 10000 75 107331
77 10000 61 107271
78 10000 59 107419
79 10000 50 107292
80 10000 55 107379
81 10000 57 107319
82 10000 50 107284
83 10000 51 107237
84 10000 56 107346
85 10000 61 107379
86 10000 72 107428
87 10000 57 107327
88 10000 71 107433
89 10000 83 107307
90 10000 97 107271
91 10000 84 107306
92 10000 66 107296
93 10000 55 107241
94 10000 55 107249
95 10000 61 107311
96 10000 54 107340
97 10000 65 107275
98 10000 85 107261
99 10000 79 107243
100 10000 75 107209
