1 20000 0 0 0
2 10000 0 0 0
3 9996 0 0 0
4 9996 0 0 0
5 9998 0 0 0
6 10000 0 0 0
7 9994 0 0 0
8 9984 0 8 0
9 9978 0 14 0
10 9927 0 57 0
11 9832 12106 158 0
12 9847 10368 137 0
13 9872 10038 120 0
14 9878 10010 112 0
15 9857 10034 135 0
16 9875 9920 113 0
17 9853 10076 139 0
18 9850 9928 138 0
19 9865 10032 123 0
20 9862 9940 128 0
21 9885 10058 111 0
22 9874 9986 118 0
23 9895 10076 103 0
24 9867 9900 121 0
25 9874 9995 114 1
26 9880 9940 110 0
27 9891 9960 103 2
28 9887 10020 99 0
29 9871 10062 123 0
30 9887 9944 101 0
31 9882 9992 100 0
32 9866 9988 126 0
33 9863 9978 127 0
34 9869 10046 127 0
35 9871 9912 119 0
36 9885 9996 101 0
37 9895 9954 99 0
38 9875 10026 109 0
39 9884 9996 106 0
40 9881 9984 111 0
41 9868 9964 114 0
42 9888 10062 100 0
43 9902 9928 92 0
44 9901 10050 81 0
45 9923 9864 71 0
46 9917 10158 73 0
47 9905 9994 83 0
48 9876 9978 116 0
49 9874 9950 116 0
50 9884 10008 104 0
51 9859 10008 129 0
52 9864 9844 128 0
53 9889 10062 103 0
54 9875 10020 107 0
55 9867 9964 123 0
56 9864 10084 122 0
57 9876 9874 116 0
58 9850 10066 138 0
59 9876 9924 120 0
60 9858 10056 122 0
61 9859 9874 133 0
62 9890 10040 100 0
63 9892 9988 100 0
64 9881 10048 109 0
65 9882 9898 100 0
66 9885 9972 105 0
67 9876 9990 114 0
68 9861 9976 121 0
69 9889 10020 103 0
70 9887 10032 101 0
71 9867 9982 125 0
72 9889 10018 103 0
73 9887 9958 101 0
74 9853 9958 141 0
75 9873 10014 121 0
76 9861 9966 127 0
77 9878 10060 108 0
78 9893 9842 95 0
79 9891 10122 95 0
80 9871 9890 111 0
81 9896 10054 100 0
82 9901 10030 87 0
83 9887 10036 103 0
84 9908 9880 86 0
85 9884 9954 108 0
86 9879 9930 111 0
87 9884 10104 104 0
88 9865 9868 123 0
89 9842 10096 140 0
90 9868 10020 130 0
91 9851 9966 137 0
92 9867 10018 123 0
93 9890 10062 106 0
94 9863 9973 119 1
95 9865 9918 121 0
96 9885 9966 103 0
97 9860 10036 122 0
98 9844 9978 140 0
99 9866 10018 128 0
100 9847 10024 139 0
