1 10000 0 20000
2 10000 0 35998
3 10000 0 51992
4 10000 0 67986
5 10000 1 83977
6 10000 21 99949
7 10000 183 115775
8 10000 628 131316
9 10000 1860 146064
10 10000 4468 159436
11 10000 4337 159177
12 10000 4350 159130
13 10000 4210 159248
14 10000 4152 159334
15 10000 4165 159315
16 10000 4275 159193
17 10000 4307 159187
18 10000 4328 159160
19 10000 4288 159194
20 10000 4387 159097
21 10000 4271 159211
22 10000 4231 159249
23 10000 4278 159178
24 10000 4306 159188
25 10000 4228 159280
26 10000 4242 159262
27 10000 4282 159186
28 10000 4285 159177
29 10000 4304 159208
30 10000 4210 159324
31 10000 4161 159353
32 10000 4190 159360
33 10000 4161 159311
34 10000 4219 159293
35 10000 4222 159310
36 10000 4237 159297
37 10000 4326 159156
38 10000 4196 159290
39 10000 4235 159233
40 10000 4291 159187
41 10000 4399 159085
42 10000 4367 159091
43 10000 4501 158985
44 10000 4451 159031
45 10000 4354 159130
46 10000 4412 159056
47 10000 4463 159021
48 10000 4417 159087
49 10000 4523 158959
50 10000 4562 158952
51 10000 4453 159017
52 10000 4321 159147
53 10000 4261 159241
54 10000 4350 159166
55 10000 4389 159123
56 10000 4390 159102
57 10000 4358 159152
58 10000 4248 159286
59 10000 4360 159148
60 10000 4335 159177
61 10000 4294 159206
62 10000 4293 159163
63 10000 4296 159192
64 10000 4221 159229
65 10000 4166 159338
66 10000 4368 159152
67 10000 4345 159171
68 10000 4411 159119
69 10000 4444 159092
70 10000 4490 159038
71 10000 4453 159081
72 10000 4484 159056
73 10000 4403 159093
74 10000 4362 159102
75 10000 4444 159068
76 10000 4369 159109
77 10000 4257 159263
78 10000 4293 159247
79 10000 4279 159211
80 10000 4353 159161
81 10000 4350 159196
82 10000 4299 159185
83 10000 4373 159123
84 10000 4350 159128
85 10000 4418 159078
86 10000 4524 158996
87 10000 4437 159087
88 10000 4256 159256
89 10000 4340 159120
90 10000 4306 159216
91 10000 4216 159312
92 10000 4250 159338
93 10000 4310 159198
94 10000 4277 159215
95 10000 4216 159248
96 10000 4215 159337
97 10000 4255 159243
98 10000 4320 159154
99 10000 4443 159015
100 10000 4404 159118
