1 20000 0 0 0
2 15998 0 0 0
3 15994 0 0 0
4 15994 0 0 0
5 15991 0 1 0
6 15972 0 20 0
7 15826 0 162 0
8 15541 0 445 0
9 14748 0 1232 0
10 13372 0 2608 0
11 11526 16354 4438 0
12 11466 16000 4500 0
13 11655 15996 4319 0
14 11626 15950 4352 0
15 11516 15982 4460 0
16 11499 15981 4473 3
17 11572 15912 4400 34
18 11575 15945 4397 33
19 11542 15870 4426 104
20 11566 15846 4394 112
21 11582 15899 4390 75
22 11573 15899 4401 77
23 11576 15912 4396 84
24 11616 15876 4362 64
25 11620 15904 4362 64
26 11553 15877 4409 89
27 11525 15932 4451 80
28 11509 15911 4467 71
29 11600 15838 4372 84
30 11535 15874 4445 84
31 11655 15921 4321 75
32 11598 15851 4384 95
33 11635 15969 4339 83
34 11559 15857 4413 75
35 11598 15902 4384 60
36 11634 15902 4342 72
37 11465 15956 4507 68
38 11662 15891 4306 73
39 11585 15904 4399 98
40 11578 15896 4402 74
41 11525 15888 4451 82
42 11632 15897 4340 101
43 11610 15871 4362 73
44 11679 15906 4299 76
45 11613 15894 4363 80
46 11535 15909 4437 79
47 11568 15875 4408 85
48 11643 15868 4331 86
49 11486 15924 4484 68
50 11550 15836 4418 100
51 11564 15929 4406 85
52 11590 15916 4398 74
53 11589 15860 4387 82
54 11489 15880 4491 86
55 11645 15906 4337 80
56 11445 15913 4533 85
57 11527 15884 4453 78
58 11658 15864 4324 94
59 11562 15936 4426 78
60 11534 15890 4430 70
61 11639 15891 4315 75
62 11505 15955 4471 65
63 11587 15873 4395 77
64 11676 15924 4304 94
65 11608 15852 4382 84
66 11450 15902 4536 68
67 11572 15908 4406 74
68 11573 15890 4407 76
69 11534 15885 4438 81
70 11508 15908 4470 78
71 11508 15884 4472 90
72 11551 15887 4423 81
73 11593 15937 4379 79
74 11563 15921 4399 73
75 11487 15843 4493 89
76 11564 15905 4414 107
77 11638 15850 4338 84
78 11539 15890 4445 74
79 11621 15947 4351 75
80 11516 15865 4458 85
81 11673 15863 4301 79
82 11543 15956 4427 76
83 11573 15898 4403 66
84 11564 15914 4412 80
85 11510 15866 4464 90
86 11475 15878 4499 72
87 11681 15903 4299 73
88 11749 15862 4217 116
89 11560 15958 4420 74
90 11649 15805 4321 103
91 11587 15879 4381 83
92 11496 15847 4490 79
93 11485 15987 4493 71
94 11618 15931 4356 59
95 11579 15929 4405 83
96 11572 15815 4406 75
97 11509 15947 4455 71
98 11498 15920 4476 78
99 11468 15915 4510 79
100 11550 15825 4414 75
