1 232
1 85
3 497
4 298
6 161
7 570
10 266
11 791
12 260
17 168
17 395
18 19
19 718
19 919
20 806
23 932
28 968
29 596
32 638
35 103
36 268
38 953
39 104
41 86
41 749
42 456
43 692
43 512
45 114
45 56
47 298
47 664
48 584
49 682
54 370
55 751
57 282
59 449
60 992
60 856
61 87
63 341
66 338
66 79
67 95
67 542
70 172
74 978
82 328
82 943
84 449
86 631
89 751
90 637
91 784
96 838
98 421
99 585
100 788
101 194
103 302
103 182
104 876
106 298
108 568
109 871
110 137
110 502
112 996
113 302
115 117
117 910
122 909
123 412
124 652
126 311
131 883
131 183
131 470
133 809
134 209
138 226
138 841
140 370
142 952
146 863
147 591
148 505
148 753
149 889
149 736
154 646
159 530
171 719
172 887
173 765
174 379
184 1000
185 772
186 857
187 914
191 991
196 317
196 976
205 707
205 754
208 281
208 833
209 311
209 352
212 534
223 994
225 911
226 268
227 997
229 932
232 675
234 980
235 813
236 978
239 521
243 761
246 960
250 651
252 476
255 582
265 787
265 473
266 985
271 713
273 369
274 761
275 554
278 847
281 497
283 306
286 500
286 862
288 496
288 643
295 536
299 432
303 505
304 829
307 977
311 540
312 836
316 950
322 846
322 964
325 645
325 694
325 375
332 745
332 475
335 863
335 570
347 841
354 936
354 841
359 444
359 404
360 745
364 947
366 579
368 839
372 542
378 597
398 880
398 831
409 926
409 584
416 833
423 636
428 920
436 563
437 865
448 990
449 547
451 752
453 902
464 919
465 737
468 993
468 696
470 500
475 572
476 805
477 849
478 773
489 769
489 658
498 735
510 815
516 627
523 673
525 969
530 540
530 590
531 691
533 844
534 726
539 843
551 843
562 703
567 599
569 957
569 650
573 731
574 979
574 931
578 651
580 689
592 939
592 696
593 955
600 922
622 917
622 625
629 641
647 720
647 970
651 896
664 930
672 800
680 751
683 730
691 714
696 943
704 833
706 760
748 786
751 981
755 807
757 882
767 984
769 870
771 973
778 816
785 852
791 937
792 867
803 917
830 949
831 999
840 935
842 968
851 976
855 941
907 982
