5 123
6 198
9 959
10 542
10 729
12 304
15 938
17 970
18 498
19 116
20 426
20 895
22 144
23 630
27 322
28 212
28 271
29 425
29 515
31 286
32 615
33 388
34 95
36 350
42 636
42 274
45 591
54 677
55 545
55 696
58 329
60 370
61 915
62 794
64 644
69 844
70 761
74 855
78 524
79 713
82 649
84 97
85 985
87 295
88 640
89 521
93 1000
96 565
97 630
100 196
100 930
103 708
105 470
114 213
116 535
116 119
116 984
117 490
118 990
118 245
120 207
121 984
123 706
131 484
131 503
138 291
139 586
139 552
139 690
141 880
145 678
153 644
153 312
155 889
159 262
159 223
161 673
163 749
163 996
167 629
169 942
176 581
179 246
184 447
191 596
192 729
195 457
197 932
197 840
199 802
200 755
203 316
204 530
207 720
213 787
214 601
217 835
223 835
226 843
227 250
230 981
230 648
232 408
234 991
235 979
242 904
245 626
247 842
248 716
250 491
250 591
253 949
255 627
256 630
257 302
257 937
260 356
260 554
261 717
264 712
266 430
272 934
272 606
278 704
279 341
280 693
280 637
282 535
284 529
287 615
288 366
288 614
292 906
294 711
294 942
305 358
308 340
314 771
315 672
319 670
321 468
322 575
322 480
325 653
331 889
332 893
335 432
339 595
339 461
340 970
340 744
340 966
346 585
347 418
349 846
350 381
351 677
355 453
359 416
362 637
367 653
369 597
369 420
374 835
381 685
381 431
383 451
388 984
390 778
405 857
407 572
410 473
413 859
424 426
428 663
441 927
446 877
457 673
461 593
464 735
466 637
469 670
475 514
477 662
485 804
485 508
490 796
492 694
495 685
496 788
498 805
499 759
504 528
510 922
515 675
516 580
517 896
518 573
529 723
534 632
536 619
536 840
544 837
553 646
555 701
562 755
565 876
567 792
568 763
577 941
581 732
584 859
588 903
590 882
596 747
597 944
597 857
600 979
608 668
615 885
622 973
629 747
638 688
642 865
647 860
651 836
653 967
664 983
689 985
690 800
691 821
692 902
694 741
708 949
747 999
754 925
758 983
762 846
764 936
764 837
778 990
795 899
814 859
819 832
820 973
833 845
892 917
906 947
922 970
931 968
