2 418
3 330
6 688
8 579
12 383
12 781
13 913
13 152
15 907
17 350
23 550
23 807
23 652
25 239
28 203
28 456
29 355
30 955
31 744
35 562
39 941
40 77
40 728
42 161
52 761
53 691
55 584
56 224
56 853
56 839
57 809
61 189
63 663
63 387
64 715
65 691
66 273
67 528
71 611
75 150
76 793
78 576
79 609
80 677
80 482
81 551
82 463
82 871
84 193
85 907
92 739
95 423
96 121
98 715
101 474
102 997
103 272
105 335
107 700
114 903
116 739
116 483
117 437
123 211
125 673
126 870
127 280
127 409
129 804
133 999
136 287
142 969
143 190
144 415
144 403
144 344
149 489
151 225
153 305
157 561
161 244
162 366
162 931
162 589
163 565
165 987
166 356
166 762
166 243
168 740
168 401
178 442
181 656
184 548
186 562
194 991
197 585
198 487
199 425
202 471
203 700
207 378
207 618
216 662
217 932
225 561
229 640
230 854
231 809
233 560
234 743
234 633
238 411
240 596
241 425
242 980
248 911
248 519
251 609
255 848
258 264
269 736
270 517
277 830
281 708
282 768
282 603
283 824
284 785
287 771
294 954
295 876
295 669
300 917
310 902
313 982
319 667
320 711
323 768
328 551
329 825
329 594
333 425
336 466
337 971
340 366
342 683
344 523
344 987
353 916
360 706
362 906
363 735
364 706
366 680
367 831
368 978
369 770
369 941
374 749
386 762
389 546
391 571
396 499
396 401
398 574
399 975
402 652
403 847
415 490
420 589
424 453
425 956
437 585
439 881
440 462
445 527
446 797
450 925
451 484
453 601
461 579
476 774
485 557
488 764
489 557
491 577
491 645
494 985
497 973
500 632
502 802
504 793
508 582
508 635
512 564
520 854
525 947
531 914
532 629
537 652
538 569
548 945
552 967
558 578
559 654
562 661
562 706
564 720
577 807
578 647
594 624
604 629
608 864
617 688
626 716
626 650
629 890
631 996
634 917
640 987
651 768
671 870
702 746
716 777
722 936
732 949
741 885
744 811
748 804
749 756
784 911
793 981
795 958
796 907
806 961
807 920
821 986
825 865
829 931
831 865
831 911
838 914
855 970
872 982
888 925
900 916
919 967
923 947
925 929
