2 467
3 474
9 719
10 274
10 556
11 440
11 208
21 144
23 581
24 264
32 705
33 59
33 562
34 992
37 661
39 373
42 404
42 861
48 850
49 522
55 612
60 896
61 792
63 798
64 178
65 772
66 392
84 663
84 735
85 954
85 570
87 898
88 728
93 657
94 299
95 660
101 965
103 158
104 439
106 627
106 467
112 209
112 464
114 998
115 789
117 847
119 558
120 282
120 377
120 335
121 144
122 371
127 646
130 984
132 841
133 160
134 545
135 220
140 550
140 533
144 515
144 621
146 877
150 881
151 568
152 567
152 172
154 951
154 815
157 449
158 410
162 742
162 651
163 629
166 704
166 915
167 287
168 572
172 988
174 821
177 761
178 394
183 196
186 383
189 627
195 929
203 622
203 915
203 980
205 795
206 929
208 679
209 309
210 976
211 974
216 777
219 712
220 360
221 630
223 810
228 813
229 961
233 573
237 798
247 291
249 981
250 931
251 960
251 964
252 446
254 352
255 685
267 556
269 917
272 721
274 629
276 983
282 543
282 579
282 777
284 636
286 808
292 607
293 933
304 326
304 508
306 978
306 594
306 952
310 656
311 418
313 335
323 380
325 411
330 670
331 712
331 546
337 419
340 747
347 966
350 547
350 966
360 486
362 750
365 919
370 535
373 564
374 680
387 556
388 618
388 712
390 928
393 681
399 835
399 895
400 511
401 542
401 607
403 543
411 851
411 521
413 729
413 831
415 632
417 512
419 957
421 668
424 426
427 689
427 872
428 962
431 826
440 751
441 764
441 735
457 872
463 950
465 641
467 611
467 941
468 810
469 904
470 814
472 844
472 827
473 947
477 903
480 806
481 686
491 604
492 673
493 622
494 798
502 504
507 585
510 870
511 726
515 786
515 685
521 927
548 848
548 726
558 793
559 897
559 566
563 814
569 932
571 934
574 850
579 873
587 752
590 851
592 637
595 844
600 693
611 873
613 1000
619 934
622 846
640 953
645 736
658 947
663 760
673 759
675 1000
688 962
733 799
735 929
735 737
740 744
753 891
761 971
764 846
773 993
776 787
794 811
798 924
815 930
831 912
832 914
839 915
842 913
847 928
861 892
864 884
865 872
894 930
922 976
954 973
975 992
