4 453
6 100
6 687
6 772
9 294
12 871
12 910
13 274
13 521
15 687
16 662
16 931
19 163
19 145
19 766
21 564
26 329
28 708
30 81
31 666
31 417
32 284
33 161
35 110
38 810
39 154
40 503
44 191
48 150
51 471
51 563
57 661
59 683
61 311
66 282
66 294
68 825
70 110
72 973
73 882
75 576
78 234
80 440
81 612
90 916
90 569
94 236
95 767
95 651
96 242
97 207
100 159
104 458
104 257
107 239
109 224
111 266
113 339
114 650
122 136
124 592
125 229
139 500
141 534
141 570
146 338
146 763
148 806
148 792
156 647
160 342
161 382
164 351
170 342
171 647
176 964
177 483
183 800
186 704
188 496
191 403
195 995
197 729
198 805
199 305
201 931
205 932
208 242
212 962
218 525
221 506
221 307
222 802
226 815
231 599
236 793
238 270
240 507
241 883
242 821
244 915
254 531
258 742
260 641
263 842
263 301
263 792
267 666
268 847
268 947
271 810
276 940
280 415
286 491
288 383
288 859
292 871
293 331
296 355
298 406
298 652
300 533
305 879
306 848
310 658
317 550
321 688
325 750
328 729
337 709
339 973
340 795
341 926
344 832
345 768
349 791
350 874
356 706
358 762
359 680
360 740
366 535
367 733
371 803
371 762
376 460
377 420
380 874
382 567
388 960
394 548
395 626
397 780
398 655
400 665
404 989
411 969
412 499
413 600
414 846
416 700
417 486
417 892
419 840
420 863
424 922
425 752
427 684
433 480
436 922
441 648
446 977
450 571
451 469
454 977
456 652
456 602
463 857
464 786
465 576
466 963
468 661
479 508
482 870
491 732
492 806
497 651
498 940
503 805
507 948
510 924
514 777
526 650
527 871
532 597
534 606
536 544
537 574
538 647
548 683
551 617
554 864
554 910
566 778
567 570
573 769
574 822
585 866
586 606
594 952
601 970
611 975
619 879
638 755
640 747
650 982
650 995
651 701
659 844
665 947
667 988
675 834
675 867
676 830
685 775
685 769
690 750
712 724
716 740
721 852
735 954
738 764
743 901
744 977
745 800
746 832
753 831
762 861
788 862
796 798
798 874
801 916
821 918
831 948
847 975
851 915
852 992
900 905
955 968
969 973
