2 648
6 583
7 304
8 49
10 399
13 595
14 51
15 43
16 981
18 57
20 852
20 682
21 344
21 798
24 443
26 315
27 307
30 98
33 645
36 513
38 622
40 312
41 140
43 451
43 442
46 483
46 126
48 888
54 318
54 567
55 552
56 301
60 494
61 914
62 620
67 898
68 957
75 826
77 271
77 105
80 286
80 304
82 852
84 571
88 335
98 728
99 704
99 837
103 760
105 325
106 956
108 514
108 940
109 853
113 278
121 746
127 161
128 528
132 272
137 936
141 143
142 517
142 926
142 217
145 535
148 159
152 494
154 815
161 562
161 185
161 910
165 925
168 617
169 812
170 689
175 537
177 632
177 777
181 509
182 292
184 991
186 938
187 555
194 577
195 746
196 952
197 786
201 681
208 393
210 255
215 632
215 231
216 678
216 873
224 774
228 264
230 620
234 453
240 367
241 834
242 546
243 421
246 471
247 801
254 343
254 766
264 685
266 867
268 577
271 624
272 824
278 795
280 993
288 852
288 694
291 943
295 641
305 751
307 378
307 410
310 856
311 724
315 857
318 508
319 942
323 346
327 335
330 748
331 730
334 719
334 502
336 598
337 565
342 531
346 417
349 844
350 407
355 981
356 769
356 942
361 492
362 574
364 545
365 852
369 835
370 392
371 551
375 913
376 959
380 937
385 803
385 648
391 842
393 823
393 512
394 791
397 989
398 473
405 585
412 453
414 893
417 472
420 805
433 943
433 582
437 731
437 824
437 888
439 797
441 971
443 836
445 531
460 682
462 989
466 782
467 709
467 948
468 707
469 886
471 624
475 607
480 675
481 568
483 490
488 660
492 728
498 959
500 806
514 792
521 987
524 868
526 835
530 933
534 914
535 641
535 656
538 884
539 964
541 720
542 609
543 604
550 551
560 707
567 925
580 835
585 587
587 876
602 691
610 741
616 689
626 950
635 638
637 681
639 806
647 867
648 950
655 731
663 927
666 821
667 943
684 698
685 870
689 861
691 728
693 902
693 936
697 917
697 729
707 728
712 726
713 855
714 844
715 881
717 831
725 883
734 861
741 993
748 982
756 791
781 832
790 924
824 932
849 904
905 918
908 969
928 965
935 980
937 946
941 983
951 988
