1 768
3 389
3 944
4 59
5 703
6 340
6 152
9 471
13 26
14 506
15 236
17 702
18 200
21 303
22 370
22 437
25 223
30 627
31 411
32 558
34 362
34 922
35 627
36 488
39 121
42 723
42 348
46 298
48 412
53 858
53 531
54 891
54 91
54 972
62 548
71 145
72 500
75 620
86 453
88 741
88 372
95 184
100 847
104 943
104 141
107 712
108 937
108 699
109 591
110 966
113 329
116 769
117 739
124 508
133 719
133 955
136 968
138 753
140 841
141 541
142 962
146 657
146 670
149 868
150 389
151 989
151 238
152 924
152 686
155 334
158 445
161 470
163 878
164 725
175 635
176 216
178 238
179 978
179 814
182 361
185 873
185 861
190 984
195 434
204 434
207 945
208 273
209 401
210 942
212 349
213 423
214 638
218 830
220 273
220 665
221 431
224 503
229 442
232 824
235 266
237 550
237 246
241 644
242 647
243 808
245 935
249 361
250 805
253 379
259 287
262 814
265 422
267 635
267 575
269 574
272 286
273 721
273 533
275 332
288 743
291 385
293 566
293 504
295 395
295 809
296 375
299 717
300 422
302 418
308 711
309 973
310 792
315 887
316 365
316 831
318 851
323 442
327 821
330 746
330 400
334 468
339 568
340 888
341 460
344 529
348 507
353 823
354 641
355 764
356 663
363 942
366 435
366 552
368 621
375 453
383 886
384 709
385 776
386 736
390 874
396 688
399 705
400 893
402 613
402 599
407 959
408 948
411 726
418 491
420 535
421 558
424 616
433 737
434 839
437 895
438 472
446 772
451 983
455 520
457 514
461 734
464 805
465 966
466 924
469 514
469 661
471 847
475 664
483 962
485 949
488 978
497 899
497 971
501 690
502 961
511 957
511 783
517 894
520 723
522 739
528 822
533 700
536 881
553 755
566 733
577 589
580 622
588 754
591 734
594 950
595 907
599 718
606 817
618 787
621 977
628 906
633 762
644 826
649 900
653 806
653 657
654 834
659 962
664 714
682 870
703 831
703 844
710 792
717 729
727 969
729 863
741 857
752 942
758 793
764 911
769 843
770 992
784 890
784 899
793 827
804 965
833 915
839 979
855 940
868 888
878 971
895 939
916 939
920 997
968 988
