5 219
8 65
8 326
12 320
14 556
17 873
23 952
25 496
25 312
27 199
28 259
29 362
29 300
32 412
34 189
35 390
35 649
37 953
37 404
38 486
39 678
40 627
42 322
43 291
50 711
51 303
56 636
58 103
62 384
62 199
63 458
66 259
66 498
71 518
72 813
73 298
75 253
77 525
77 701
80 483
92 122
92 791
97 340
99 260
99 855
105 534
115 493
117 684
118 226
123 129
123 243
125 815
128 253
130 698
133 189
135 679
136 824
137 911
138 816
150 946
152 426
152 405
156 857
157 749
159 660
159 752
160 448
161 813
163 562
163 294
166 469
169 500
170 280
177 991
178 337
179 620
181 201
182 327
185 838
185 379
187 740
188 405
191 449
191 910
194 744
201 248
201 882
202 842
205 874
206 224
206 686
206 557
207 257
208 281
209 877
210 497
215 371
218 621
221 461
227 811
229 554
230 888
232 296
233 274
236 818
240 717
246 925
246 548
249 983
250 384
250 602
251 333
254 693
255 611
257 745
258 539
258 462
260 867
263 886
277 590
283 529
286 583
286 797
286 962
288 837
289 587
291 694
293 571
296 419
299 881
300 400
302 390
303 718
308 353
315 801
316 938
320 379
320 726
324 416
326 561
329 645
329 336
333 749
338 968
339 712
342 810
343 616
345 662
345 801
351 783
360 611
363 481
366 831
368 906
370 505
371 586
372 995
372 562
373 607
374 934
378 648
380 438
380 541
384 397
387 472
388 758
390 663
391 887
396 434
397 488
400 709
401 787
403 433
414 696
420 829
422 710
427 749
430 824
432 904
438 647
441 548
447 659
453 958
454 842
455 736
456 540
456 791
461 781
466 824
466 817
467 892
469 682
475 983
480 758
481 514
486 597
497 910
505 822
508 689
540 639
541 644
541 586
542 609
543 617
551 717
551 681
552 615
558 735
558 831
560 954
562 909
563 701
567 748
574 870
588 989
600 659
604 901
606 765
609 912
612 884
615 744
621 880
627 776
637 1000
643 956
646 744
647 959
649 904
661 945
663 861
668 698
703 916
706 799
712 764
732 922
734 777
754 965
762 967
766 822
768 848
771 903
806 990
846 944
855 946
863 908
880 896
883 936
891 960
900 946
943 951
