1 365
3 291
4 841
5 219
7 322
8 192
10 678
14 946
15 914
19 284
23 214
23 981
25 186
26 174
30 908
31 847
34 565
36 298
43 418
44 617
50 531
54 915
55 678
56 192
63 304
63 202
71 962
72 820
76 99
81 273
81 518
81 592
81 852
82 422
82 706
84 302
85 454
86 555
87 345
87 267
89 485
99 523
100 714
104 989
104 823
104 912
104 921
105 274
109 986
122 664
124 398
124 806
126 243
129 614
131 253
131 959
135 779
135 452
136 373
137 663
140 755
145 887
148 844
157 610
158 408
165 597
166 363
167 233
168 741
173 846
176 573
196 271
197 471
198 757
203 344
206 830
207 208
212 741
213 304
218 478
219 717
219 463
220 866
224 882
224 279
225 450
227 822
227 444
236 701
238 712
246 599
246 520
251 917
252 912
258 428
266 854
269 455
271 379
273 786
274 680
275 809
284 984
285 716
285 295
286 990
287 340
288 922
289 479
301 566
305 549
305 499
310 577
311 596
321 416
324 973
326 579
327 391
327 709
331 569
333 871
334 359
336 626
338 669
338 955
340 717
352 594
355 849
356 819
357 845
357 498
359 727
363 883
363 535
365 547
365 630
371 986
372 874
374 996
375 856
376 633
379 790
387 786
392 584
398 594
404 913
409 707
412 807
413 921
417 852
418 504
422 999
423 969
423 604
423 490
423 802
426 917
441 736
442 927
442 864
452 478
452 662
462 824
463 790
472 863
474 733
475 974
475 556
478 575
479 682
489 740
489 763
490 872
497 697
499 546
500 878
501 929
507 923
511 707
512 799
513 793
514 633
520 856
520 763
526 645
531 905
535 993
542 774
550 973
553 761
565 734
568 729
570 703
570 970
573 630
581 815
583 764
585 683
590 685
594 914
599 963
599 723
601 860
602 875
603 815
612 783
627 876
629 735
634 872
636 810
643 900
651 691
655 970
657 704
665 960
667 864
670 824
672 781
673 759
684 687
698 776
703 733
706 918
710 996
711 746
717 984
719 943
725 730
739 861
739 993
740 794
745 790
750 762
751 814
767 826
773 830
779 958
784 884
792 858
824 953
839 925
860 980
867 930
878 891
886 956
890 971
938 970
945 963
949 992
954 957
975 979
