1 393
2 362
2 786
6 345
7 454
14 166
17 195
17 89
21 520
21 195
21 951
24 926
24 299
25 803
26 332
28 563
36 365
36 496
36 135
41 766
45 864
45 257
50 973
50 267
51 756
55 787
55 611
57 680
59 512
62 226
62 431
64 572
65 184
65 623
65 258
66 479
68 805
68 266
68 239
69 987
69 202
70 297
96 571
97 789
97 142
104 517
105 323
106 297
107 297
107 944
113 360
114 125
116 380
117 925
118 940
122 705
123 716
124 999
125 540
127 237
133 876
133 339
134 228
134 757
136 465
140 798
141 309
141 835
142 729
143 488
144 356
147 347
151 298
154 325
155 454
159 205
166 264
182 729
184 486
188 749
189 920
192 526
193 789
193 877
194 490
195 491
196 446
197 458
198 578
198 375
203 770
205 438
205 700
213 630
216 733
218 478
228 980
229 817
233 832
236 888
238 396
240 872
241 972
241 822
242 529
242 378
249 438
250 508
251 953
253 416
256 385
258 645
265 349
268 339
269 637
270 759
274 864
278 593
278 996
289 388
303 627
310 977
314 455
314 854
317 373
317 889
322 669
323 383
324 865
331 952
333 951
333 986
334 662
334 827
335 992
336 943
340 708
340 575
347 401
348 994
349 572
349 771
349 953
353 474
374 524
379 399
383 841
388 856
389 976
394 840
399 944
400 740
402 586
410 647
411 861
412 709
413 839
413 544
415 488
417 498
421 542
424 903
428 818
436 802
437 670
437 782
439 445
440 476
450 943
451 994
453 755
458 913
458 825
461 544
462 515
463 514
470 549
471 493
487 510
487 628
492 688
496 755
498 579
503 806
511 903
513 731
521 956
522 619
524 610
529 598
537 869
538 772
541 878
543 957
545 830
559 820
562 570
566 996
574 592
577 721
578 933
582 811
587 951
591 818
593 877
594 870
595 969
600 980
607 711
609 616
613 956
622 800
630 650
639 684
640 922
643 726
643 677
643 869
643 738
654 965
654 753
662 939
680 922
685 732
701 947
735 995
738 947
740 827
751 778
753 853
757 912
763 868
765 782
766 899
780 892
782 858
784 814
795 918
805 850
811 972
818 994
822 888
833 991
857 866
888 916
893 902
907 974
913 940
919 987
936 995
