2 245
3 612
4 181
4 553
7 265
10 235
10 399
12 40
12 88
14 128
16 998
16 665
17 829
21 286
22 412
25 395
29 405
31 459
32 572
34 429
38 642
44 844
48 852
49 516
52 930
52 776
54 780
57 948
63 862
64 994
64 198
65 697
66 856
71 180
76 242
77 992
78 701
81 141
88 398
89 340
91 603
94 392
98 259
101 911
101 183
102 961
102 651
102 848
106 229
107 892
107 570
109 999
110 884
111 613
115 191
118 372
119 244
120 838
122 676
123 502
123 957
125 354
136 493
136 137
136 746
137 518
137 225
139 403
139 776
139 388
142 758
143 972
145 989
145 854
146 420
148 362
152 207
154 1000
157 973
157 159
160 777
160 308
166 869
166 480
169 302
174 275
176 329
176 460
177 329
180 871
197 944
198 982
199 811
206 670
207 316
209 390
211 365
211 689
214 978
215 225
218 564
219 510
219 439
219 485
224 390
224 929
224 840
227 623
231 409
231 696
233 431
239 801
241 373
242 525
242 289
251 562
252 317
252 450
261 310
262 290
264 784
264 814
269 761
269 576
271 591
273 532
275 646
280 942
285 828
286 464
289 941
297 357
299 748
301 474
305 486
307 987
307 568
310 728
313 629
318 980
323 396
327 557
336 628
349 897
352 440
357 717
357 506
357 382
358 953
361 423
370 873
370 1000
371 984
376 867
376 971
379 784
381 531
381 522
382 929
388 535
393 506
394 790
398 653
403 896
407 549
412 458
414 764
422 457
430 493
432 851
434 904
436 502
443 828
444 676
445 507
449 504
459 462
463 729
465 774
467 620
470 943
470 731
471 754
477 774
481 877
482 729
498 608
499 918
501 884
504 833
513 520
530 719
531 722
543 658
544 548
554 772
559 584
559 850
561 771
564 992
565 575
574 862
575 970
590 990
596 998
598 975
602 647
607 887
609 700
611 953
613 737
615 980
625 843
628 656
631 762
635 667
641 713
646 898
648 730
652 741
653 809
655 838
658 762
662 668
686 948
686 950
688 724
693 893
696 829
696 760
699 865
727 796
738 917
752 896
753 955
775 867
780 952
781 915
783 952
784 906
819 880
821 982
827 885
856 981
876 972
910 939
918 920
922 936
975 997
988 989
