1 366
1 741
13 977
16 254
18 424
20 129
20 459
20 665
22 997
24 61
29 855
33 343
34 231
35 206
36 999
43 87
43 644
46 320
46 367
48 654
50 326
53 417
55 946
57 753
59 451
60 160
61 392
62 665
62 936
63 69
63 747
64 462
65 176
65 744
66 279
66 678
69 569
73 313
75 126
76 561
79 229
81 387
84 339
85 142
86 522
88 221
89 429
90 670
92 239
93 290
94 605
96 771
98 863
99 926
100 852
115 230
118 255
122 124
125 687
128 384
129 316
133 732
134 931
135 995
135 904
138 705
141 672
144 951
145 746
147 894
148 895
149 535
159 913
159 518
162 547
167 678
172 245
178 462
178 280
182 772
190 468
191 757
194 553
197 547
198 980
199 866
200 946
203 520
206 352
207 827
212 815
212 915
213 739
214 360
214 868
215 224
217 584
217 731
217 792
221 747
222 263
223 398
228 231
229 721
233 590
233 699
234 447
234 721
236 950
236 606
241 656
242 383
246 539
247 685
259 578
261 919
264 394
266 699
269 312
270 677
273 905
278 515
280 739
281 291
287 654
290 502
300 672
301 563
302 343
303 554
306 485
307 388
312 700
314 991
316 465
324 815
328 710
329 556
330 432
331 730
340 479
345 559
347 769
349 952
351 627
360 729
363 691
365 648
365 606
374 446
375 574
377 795
383 891
386 824
386 604
388 989
390 952
391 656
391 855
391 755
396 773
397 960
405 889
410 892
413 497
418 712
421 635
422 449
431 966
438 867
438 575
438 640
442 525
445 677
446 544
453 768
453 906
453 460
454 679
454 658
455 961
472 643
472 713
475 576
486 892
487 510
488 692
489 599
490 828
493 534
494 851
498 999
506 597
509 970
512 697
512 866
512 568
519 525
520 884
521 988
524 950
531 594
540 842
541 549
542 867
543 781
558 902
560 589
569 763
597 939
598 735
604 867
605 829
609 869
611 900
620 740
620 707
620 782
620 833
624 872
629 746
633 880
637 730
637 940
642 665
647 838
654 952
662 813
673 751
696 724
697 941
731 814
741 980
744 999
767 856
770 778
772 886
784 997
792 815
813 856
820 939
832 927
837 921
851 982
862 952
871 891
894 909
897 989
940 996
956 965
