4 352
5 538
6 24
12 91
17 149
17 484
19 822
20 181
22 896
25 472
29 590
31 318
32 607
37 840
42 685
43 794
55 858
56 434
57 65
59 697
60 901
62 576
66 117
68 111
69 202
73 619
74 341
74 890
77 223
78 703
80 172
80 375
81 644
81 506
82 455
86 788
88 460
88 170
89 306
94 549
96 977
96 556
97 134
97 334
99 831
103 816
103 510
107 266
109 141
110 707
110 681
112 984
114 352
114 880
117 243
117 440
121 230
130 938
136 615
137 897
137 284
140 972
148 924
150 787
151 908
151 602
151 598
152 197
152 178
155 831
155 276
157 289
158 593
162 934
165 445
170 216
171 682
172 478
172 528
174 471
175 966
176 415
183 640
186 945
186 522
187 188
188 910
192 754
194 973
201 315
203 594
203 485
204 227
204 435
205 777
206 661
208 983
210 356
211 535
214 374
215 677
216 771
219 880
221 994
223 862
224 952
227 682
229 818
229 243
231 491
232 980
233 473
241 471
242 682
243 658
247 623
252 940
259 785
259 511
261 926
262 815
267 422
268 663
269 759
270 545
277 984
280 576
285 949
285 299
286 804
289 412
290 842
300 793
318 510
320 536
321 961
322 946
326 406
331 905
333 538
333 657
335 840
338 843
338 542
339 599
340 389
340 718
343 675
353 824
353 981
354 869
362 535
365 763
368 663
369 619
369 623
369 975
384 620
384 862
385 801
390 496
393 657
407 578
408 544
408 886
410 848
412 675
415 841
415 838
416 855
417 840
430 474
430 592
431 789
436 759
437 932
438 777
439 610
441 734
443 648
445 991
447 725
450 679
451 567
459 798
460 547
461 468
463 818
467 475
471 891
472 887
473 832
474 593
476 904
476 759
488 952
495 942
499 745
500 664
505 654
510 788
514 791
520 782
525 529
528 638
535 995
537 625
537 909
557 821
559 807
565 657
569 717
584 596
585 637
591 599
594 730
594 689
601 855
610 748
628 959
636 690
641 814
643 847
646 891
646 846
654 864
661 890
670 705
672 710
676 768
686 945
694 823
711 745
715 990
732 906
733 863
738 862
744 759
756 998
760 804
770 995
796 1000
805 839
820 974
822 969
823 861
826 853
827 867
870 977
961 1000
