1 997
9 112
11 457
13 793
18 673
19 850
22 527
29 282
33 479
34 116
35 503
35 429
38 265
41 958
41 988
47 328
52 877
57 303
57 426
60 882
61 655
65 290
67 576
68 467
77 713
77 390
78 696
79 170
80 517
80 546
88 757
88 454
92 917
93 798
95 597
98 220
98 518
102 897
102 717
102 298
103 473
104 742
109 188
111 925
113 145
114 491
122 296
126 818
127 406
128 839
130 172
131 580
135 484
136 951
136 284
136 186
140 808
144 432
144 665
144 524
147 621
147 452
148 779
150 226
150 564
151 261
152 636
153 871
154 242
157 989
157 956
159 321
160 898
164 291
170 793
174 760
176 558
177 749
179 986
180 695
181 625
185 459
185 483
190 443
190 590
193 785
193 790
194 959
195 600
196 657
197 937
199 575
201 635
203 302
205 266
207 533
209 278
212 794
214 453
215 699
216 370
222 576
225 893
236 685
237 263
241 769
242 525
242 259
252 397
253 499
256 273
256 544
258 604
267 280
268 573
269 348
270 716
272 577
275 288
283 350
286 533
287 487
288 893
294 707
294 977
299 485
304 880
306 620
312 545
315 580
324 917
325 936
326 727
326 446
330 440
334 843
334 413
341 547
341 489
342 974
342 380
348 981
350 692
351 751
353 948
361 372
364 503
366 777
370 528
370 728
371 388
372 375
373 605
374 837
375 800
378 711
390 936
391 548
391 750
400 847
408 710
411 807
412 450
412 470
415 492
415 849
424 900
430 836
433 492
433 969
434 533
444 781
444 562
446 882
460 747
464 750
464 738
466 683
472 628
476 667
478 921
478 532
480 555
480 998
480 783
481 903
484 986
495 555
496 552
498 532
501 924
506 801
512 762
518 573
520 873
520 975
521 603
521 664
522 900
536 539
546 678
556 864
556 589
569 703
574 716
579 779
583 667
584 932
585 717
586 966
588 726
596 732
597 612
602 846
609 733
614 879
623 814
628 778
633 962
640 683
641 839
645 974
661 684
667 985
673 975
682 764
685 835
686 817
697 798
710 734
710 806
713 929
716 773
727 748
731 993
731 942
743 874
743 944
754 995
764 937
772 946
797 874
814 952
824 842
850 1000
858 926
870 942
879 958
931 977
964 991
