1 291
2 121
3 445
11 785
15 165
16 538
19 114
24 734
24 203
26 815
28 411
29 855
31 80
32 339
33 543
36 106
36 47
37 622
38 265
41 225
42 94
43 430
55 686
59 255
60 441
62 523
65 536
66 196
66 568
67 809
68 499
71 330
72 684
76 792
76 974
79 595
80 901
83 807
86 397
87 497
93 420
101 384
102 983
102 856
105 241
107 834
108 969
109 786
111 986
111 998
112 517
114 781
114 703
114 650
114 500
121 288
121 733
124 994
125 625
126 279
132 433
132 354
140 167
143 454
144 661
145 218
145 766
146 359
149 834
152 622
160 712
163 510
165 796
170 806
173 760
174 346
176 312
179 918
179 577
183 202
183 797
184 259
184 837
185 716
186 690
187 861
188 251
193 679
194 466
194 585
198 379
200 280
207 506
209 294
216 951
217 401
219 789
220 320
221 289
222 513
229 930
229 487
235 794
238 959
238 720
244 662
251 614
255 983
257 893
260 941
264 899
265 465
265 334
267 272
270 890
273 621
276 418
277 657
277 675
278 586
284 614
288 905
298 378
298 453
302 522
305 947
312 1000
316 625
324 558
325 846
329 490
331 922
332 603
332 552
333 961
336 520
338 563
344 799
344 933
345 856
346 439
351 813
351 450
356 909
357 892
361 701
368 493
370 812
377 938
378 409
378 647
380 951
380 604
384 896
395 455
396 969
402 759
404 955
408 833
408 492
414 419
415 983
416 484
417 904
426 723
426 780
429 892
429 635
437 800
438 911
441 476
445 851
447 884
449 481
449 975
452 922
457 914
464 753
466 600
468 810
468 775
468 797
478 715
481 921
482 666
485 875
488 937
492 578
496 917
498 534
504 756
504 812
506 571
520 626
523 804
529 979
529 811
533 703
535 617
559 858
564 913
565 833
566 756
569 997
571 755
579 600
580 917
582 777
583 829
593 801
595 689
623 858
625 891
626 734
633 885
633 906
647 702
648 727
649 711
650 830
672 748
676 687
677 810
678 752
680 873
686 818
687 908
688 823
689 922
691 705
700 772
710 945
717 941
725 739
748 895
763 773
770 874
777 957
779 990
800 875
832 892
837 878
841 884
860 882
872 993
873 943
896 962
909 967
917 940
953 993
