2 29
2 658
3 285
3 562
4 746
4 390
4 935
7 51
9 254
10 363
10 568
10 988
11 845
16 178
20 191
21 922
22 119
25 531
27 809
33 184
34 840
36 610
41 604
41 847
46 207
47 354
51 665
51 864
56 380
58 582
60 253
60 805
66 190
67 400
74 945
77 658
80 523
82 286
85 767
90 124
91 849
91 158
93 468
97 190
101 307
102 262
103 868
103 372
105 437
118 564
130 781
131 779
131 373
132 423
132 905
132 878
134 349
135 381
141 922
146 420
147 449
151 299
151 388
159 355
160 219
163 567
163 369
163 640
173 200
174 922
174 199
178 996
179 869
179 344
182 728
183 603
186 720
188 398
192 678
193 198
194 632
194 209
195 719
195 716
196 313
197 609
199 580
207 983
210 786
211 484
214 503
215 880
216 242
217 530
221 756
225 479
226 529
229 412
230 949
234 444
235 821
235 632
236 506
237 598
239 548
242 912
245 563
245 960
246 871
252 567
254 555
260 470
262 518
262 330
265 733
265 387
265 805
266 733
271 471
273 620
274 914
288 762
292 382
297 679
302 987
304 645
305 396
308 649
310 977
311 988
312 867
313 605
316 479
316 700
316 661
317 986
320 799
322 381
323 829
327 335
335 695
335 570
335 765
337 840
340 931
341 905
345 764
354 607
354 775
355 420
355 655
359 999
363 704
366 844
366 706
375 559
376 716
384 649
384 494
386 899
388 865
389 767
391 413
392 533
395 531
406 652
409 503
411 896
412 901
415 633
417 865
420 800
423 767
429 608
432 577
436 893
441 631
442 510
447 607
454 755
455 599
456 612
461 813
468 876
477 816
480 633
487 991
488 705
489 945
495 856
496 952
496 711
511 799
515 671
517 585
518 731
518 560
520 855
537 1000
541 672
557 770
564 978
572 956
572 904
576 609
577 617
583 954
584 709
588 960
592 695
592 823
598 911
603 957
605 979
611 932
615 658
625 766
627 695
632 935
641 785
649 850
652 664
656 989
663 792
667 783
672 710
680 875
692 861
699 863
699 985
700 932
711 815
711 989
714 948
715 967
722 828
741 856
763 965
766 902
782 881
803 804
808 843
812 983
818 903
841 876
882 901
890 968
907 939
929 960
933 966
