2 655
3 997
4 420
4 227
5 25
6 172
6 476
6 281
12 136
12 309
13 312
13 31
15 632
16 186
17 1000
18 306
19 366
20 439
21 509
22 680
24 468
25 528
27 366
30 803
31 224
32 306
32 58
34 46
37 806
37 598
43 900
43 123
44 840
45 769
45 256
49 813
50 856
52 548
54 267
55 71
57 991
58 276
61 940
65 577
66 940
67 361
70 849
73 596
75 457
81 924
81 687
82 407
82 707
84 152
97 641
99 216
100 900
105 352
105 912
106 774
112 136
113 618
116 657
118 233
121 844
122 440
126 404
134 742
134 506
135 649
136 605
140 259
142 210
145 192
147 316
149 785
152 429
153 239
155 485
156 625
156 580
167 604
167 437
168 386
170 870
174 904
176 181
180 624
188 200
188 665
190 324
194 276
194 483
194 996
195 380
197 671
198 499
200 518
204 677
206 236
209 358
209 979
210 998
211 683
213 518
214 899
216 265
216 576
219 379
219 248
220 894
221 285
222 365
228 482
233 331
238 450
238 955
238 502
239 709
241 924
245 664
250 960
259 424
268 398
269 871
272 322
274 356
278 927
285 627
287 632
290 510
290 673
291 599
293 877
294 629
303 772
305 884
309 801
312 343
319 382
319 845
319 475
322 668
324 727
329 621
330 859
335 816
338 822
344 745
345 513
347 361
347 726
351 600
354 585
359 403
366 492
367 403
371 727
372 406
378 482
380 692
384 945
390 881
392 471
393 904
397 959
400 702
402 517
405 879
411 919
417 926
421 771
432 797
435 890
436 819
436 449
437 903
438 951
441 984
444 477
445 852
447 931
448 578
455 747
458 648
465 877
468 815
468 781
471 495
472 740
474 522
480 689
485 842
488 746
489 592
490 648
495 835
496 602
496 928
506 884
511 728
513 868
523 618
531 773
536 920
538 841
546 991
547 632
552 573
585 691
590 665
597 686
598 740
599 782
602 731
604 814
607 666
616 894
622 873
630 750
632 638
651 747
664 730
684 998
691 761
703 922
707 921
711 984
714 898
718 784
735 954
743 936
763 896
780 825
782 872
786 832
788 989
807 885
820 951
828 973
829 965
841 904
851 968
861 971
869 953
884 965
928 965
929 997
941 988
945 946
