3 59
4 62
4 582
5 548
5 715
6 404
7 622
9 770
9 182
13 905
14 718
16 341
17 295
17 197
19 797
19 344
19 337
19 296
20 143
22 440
23 890
30 671
34 226
35 116
36 404
36 736
37 190
37 545
37 820
37 535
39 672
42 88
44 714
48 327
48 603
49 563
49 505
50 885
51 823
52 395
53 371
55 781
59 188
64 388
66 347
68 426
72 818
72 198
76 923
78 109
81 745
82 172
86 541
88 921
88 195
89 809
93 839
95 302
95 679
102 873
104 280
106 270
113 133
114 223
114 860
116 854
119 602
124 903
126 425
130 975
135 979
137 635
141 727
144 850
145 176
147 683
148 908
149 542
150 669
152 452
154 457
155 200
158 615
165 859
165 880
168 530
170 220
173 930
173 398
175 710
177 375
179 485
183 476
185 757
191 382
192 927
192 505
194 878
195 757
197 935
197 789
204 271
206 682
210 818
213 721
218 377
219 418
221 926
221 959
222 466
223 841
227 734
232 956
234 245
237 760
240 486
241 947
243 989
244 578
244 815
244 883
245 561
245 988
248 676
255 262
258 756
270 297
274 343
279 513
279 804
281 791
282 510
283 828
283 918
284 791
288 741
293 412
296 395
297 396
298 950
298 599
300 461
306 524
307 854
312 640
312 546
313 966
315 779
316 658
317 543
317 680
319 754
328 571
331 497
332 931
343 620
348 706
353 662
354 781
356 395
365 852
368 747
375 394
378 654
379 663
388 759
389 545
390 581
395 680
395 554
398 419
401 613
405 597
406 433
415 780
431 456
439 756
450 646
455 515
457 479
459 734
460 903
460 893
462 654
475 929
481 738
491 702
493 851
494 748
508 701
510 850
517 996
518 809
526 809
539 716
540 580
542 974
546 638
547 604
548 975
548 674
550 744
551 576
552 814
553 999
557 884
558 709
560 633
561 639
569 851
572 947
580 615
596 600
599 775
599 639
607 626
626 750
626 971
633 874
643 867
645 692
649 668
652 898
657 842
658 904
682 920
686 978
696 989
718 1000
723 872
743 911
753 761
755 859
755 852
766 905
769 859
769 978
786 922
790 859
800 941
812 987
812 932
814 919
844 974
844 881
863 915
869 907
910 934
929 990
964 993
