1 510
4 398
6 721
6 331
6 113
7 308
11 422
13 800
19 646
21 543
23 424
25 717
26 141
30 922
33 1000
35 810
38 789
43 408
43 395
44 772
48 431
55 914
56 581
60 146
61 677
62 354
62 778
62 195
64 797
66 527
66 411
66 816
71 919
74 570
75 971
79 813
83 158
85 477
85 864
86 814
87 512
87 727
88 405
89 771
91 922
92 246
93 325
96 429
97 459
99 623
105 720
105 297
107 439
108 861
114 617
117 687
121 798
121 734
122 635
124 415
125 681
127 173
130 983
130 689
132 537
142 179
144 254
145 488
150 731
152 982
152 896
153 532
153 723
154 575
155 363
157 683
157 874
158 809
159 663
159 994
164 591
165 568
166 441
166 539
166 415
169 647
170 594
171 930
175 381
179 706
179 669
181 984
195 493
207 785
208 614
209 616
209 348
212 777
212 894
212 672
214 407
214 757
215 543
215 807
219 379
219 851
220 377
223 884
225 813
228 513
228 792
232 945
233 517
240 822
241 426
242 917
244 977
244 697
246 622
256 816
256 411
257 270
266 877
267 647
269 441
269 385
272 710
273 752
279 506
280 880
290 860
297 788
299 663
300 905
303 765
307 757
308 849
317 938
318 635
318 707
319 799
322 544
326 940
338 977
342 425
346 460
347 455
348 727
349 849
352 404
360 812
361 442
362 386
362 495
368 708
370 920
371 985
374 559
375 541
375 690
379 650
380 988
382 421
385 526
395 447
402 663
405 630
408 724
425 738
426 829
429 998
431 671
431 664
433 531
447 769
448 962
451 669
452 847
454 462
454 565
458 877
459 754
472 717
480 790
483 862
487 812
491 675
491 995
497 722
512 623
521 677
521 635
524 706
528 954
532 1000
547 983
548 729
554 790
554 954
557 851
557 563
561 654
569 848
569 678
572 704
578 804
582 921
584 713
591 616
593 666
595 708
602 790
626 762
644 903
650 759
650 888
661 874
662 882
665 887
669 764
674 922
679 993
689 847
711 754
721 960
729 990
730 827
738 867
741 827
748 899
763 970
766 826
771 851
775 944
778 965
791 800
797 832
810 819
826 874
834 985
834 999
842 976
854 982
876 936
878 938
879 961
885 901
888 974
899 936
922 988
