1 731
1 139
2 110
2 522
2 186
4 272
6 394
8 263
11 426
12 204
16 268
18 252
20 873
22 184
23 776
24 677
27 551
28 415
30 814
31 652
33 577
38 601
40 846
40 549
42 521
44 385
45 512
46 959
47 414
47 220
49 257
51 762
51 508
52 408
56 365
58 177
60 357
64 426
67 908
68 608
69 966
71 775
74 855
74 907
78 975
84 428
88 784
92 288
92 855
95 205
96 529
98 298
99 874
99 221
100 522
101 532
111 521
112 113
112 207
112 141
114 946
115 799
117 788
118 813
118 857
119 508
119 265
121 247
125 342
126 943
129 290
130 596
130 762
135 596
137 375
138 341
139 809
139 606
139 535
140 851
142 321
146 562
148 183
152 224
155 822
159 274
161 356
169 737
175 348
178 528
179 832
180 279
182 272
182 218
183 295
189 571
193 868
195 864
196 498
200 433
201 736
204 645
205 934
207 287
209 305
209 333
232 829
236 340
243 961
247 606
249 693
256 647
262 627
266 787
266 291
267 485
269 522
269 709
272 827
273 762
274 949
276 610
278 820
285 586
290 814
299 464
300 503
302 544
306 730
309 699
311 490
311 893
316 785
316 727
320 481
320 622
322 748
324 541
332 964
333 622
335 584
340 619
340 436
346 846
350 506
353 416
354 738
356 897
357 711
357 635
361 729
363 462
369 643
378 545
379 577
386 677
388 809
394 622
398 455
401 714
401 746
404 435
408 587
417 829
421 726
422 792
428 923
432 986
434 806
438 549
441 566
441 894
442 628
443 641
444 514
445 794
447 923
448 711
452 743
457 848
464 607
468 821
473 746
474 947
481 560
485 947
486 856
492 831
500 906
503 504
503 796
504 996
506 942
511 728
511 801
514 569
515 802
517 644
534 713
539 727
555 583
558 930
561 866
562 824
567 894
570 884
571 759
582 979
584 617
585 973
585 650
590 892
597 963
599 795
600 818
608 630
612 797
617 822
640 687
641 966
642 732
647 722
652 848
668 895
678 964
682 770
682 737
685 876
685 832
691 861
702 711
710 894
725 803
728 923
741 967
767 865
773 922
810 838
817 924
818 843
827 880
828 909
842 890
852 887
871 947
872 882
875 997
883 964
891 903
942 950
