4 74
7 747
11 505
11 811
12 346
14 58
15 334
16 901
16 782
18 29
19 932
19 376
20 594
22 313
29 416
30 463
32 519
33 638
34 148
38 618
41 857
47 695
48 352
51 944
54 222
57 499
62 972
65 716
65 733
65 328
66 366
70 323
72 649
73 219
75 818
76 849
77 934
83 161
87 819
88 879
97 722
97 599
100 103
101 684
104 595
107 901
110 619
111 456
112 552
114 769
118 511
119 782
119 156
119 565
121 163
126 535
126 340
133 803
137 630
137 982
140 728
140 519
148 628
150 626
153 475
159 202
160 584
161 641
161 803
161 682
162 970
163 958
165 969
170 695
170 921
174 610
175 397
182 258
182 769
184 452
186 235
186 633
186 211
188 685
190 366
195 460
199 753
201 204
202 613
208 846
208 546
213 426
214 340
215 296
215 240
216 497
219 566
219 550
221 328
224 521
226 308
226 692
227 942
234 607
238 445
246 440
249 776
250 523
251 548
252 339
252 760
257 303
259 577
265 307
272 356
272 510
275 973
276 349
280 776
283 999
285 878
295 549
295 438
298 850
301 979
309 840
310 678
311 942
312 759
314 944
320 487
320 485
321 592
327 362
328 938
328 822
329 339
330 430
333 797
335 410
340 475
343 884
344 489
353 747
353 851
353 770
353 519
354 434
356 860
356 414
357 929
362 534
363 755
365 505
365 915
369 552
371 628
373 790
380 812
386 392
388 782
394 798
395 423
397 958
399 544
401 418
401 635
410 694
416 918
423 988
425 845
426 623
427 977
431 502
431 694
433 834
435 459
442 871
447 509
453 990
458 466
458 561
461 799
463 720
476 950
476 491
477 684
484 881
486 683
491 886
498 790
499 759
499 749
502 919
502 755
503 903
515 829
521 545
521 664
522 695
527 653
530 993
531 693
533 588
545 969
549 562
550 604
566 993
568 647
580 615
581 770
586 618
600 919
614 946
617 983
625 843
636 777
637 794
643 977
646 976
653 806
654 988
656 826
656 802
657 699
667 693
673 989
680 744
685 706
694 890
695 817
695 703
696 947
704 775
706 912
707 856
712 744
719 764
728 803
734 908
762 931
763 953
811 869
825 913
825 890
828 835
852 966
896 988
907 996
933 953
