3 119
4 689
7 189
7 718
11 878
11 666
12 345
13 529
14 60
14 167
16 318
18 216
21 233
22 87
24 486
24 91
27 781
28 723
28 856
29 315
30 513
30 600
37 442
42 326
43 731
49 228
49 785
50 590
51 129
51 471
56 778
56 161
56 330
60 753
62 965
63 506
73 113
75 578
76 822
79 111
79 990
83 962
83 717
84 883
85 611
87 598
87 324
92 621
97 883
102 649
108 926
109 796
111 380
117 831
121 641
121 571
124 792
126 821
127 528
128 352
130 288
131 211
133 466
134 741
138 807
143 827
145 952
150 295
150 949
151 878
154 642
157 865
163 601
164 257
169 739
171 520
172 695
172 204
172 842
175 583
176 615
176 537
177 324
179 506
180 735
187 246
190 379
192 614
192 620
195 917
199 307
203 517
203 581
204 941
204 956
205 299
209 598
211 835
213 488
214 765
220 633
223 561
224 925
229 864
229 925
232 480
234 311
235 999
237 860
237 369
237 603
237 486
238 939
248 815
251 866
252 456
255 807
257 847
259 379
259 936
264 569
268 685
271 857
281 670
283 676
283 906
284 973
286 875
292 414
293 971
293 921
294 373
294 659
295 611
300 307
300 680
301 921
302 609
303 361
304 575
307 597
310 834
319 858
322 513
327 736
328 533
329 856
329 873
332 934
332 503
336 715
337 753
337 760
344 713
345 874
351 421
363 956
364 885
367 660
374 925
380 393
383 993
383 570
385 519
389 787
391 682
392 651
398 488
402 894
402 939
403 505
406 609
408 602
416 613
421 444
422 583
427 630
434 594
434 681
437 575
442 462
446 924
448 537
449 876
450 514
451 999
451 577
457 918
461 700
466 803
474 930
476 844
482 875
487 934
489 644
489 965
492 914
493 981
497 804
498 757
503 982
506 667
510 956
521 730
538 985
538 582
542 566
546 822
551 708
554 617
557 654
559 826
560 636
566 737
570 877
573 930
577 875
586 751
597 994
606 883
607 690
610 830
620 992
622 900
628 977
633 691
633 989
641 781
641 880
643 923
657 716
670 900
673 898
673 850
679 847
688 778
703 710
706 768
721 924
753 945
754 897
768 866
772 928
780 956
802 923
815 929
825 849
840 843
856 921
864 968
