4 120
6 153
8 200
11 327
11 703
12 246
13 981
16 389
20 854
20 564
21 612
21 238
22 230
22 258
24 317
26 686
27 453
28 379
29 875
31 925
32 813
32 369
34 367
34 969
36 405
36 52
37 87
42 725
45 412
49 152
58 565
60 440
65 697
66 180
71 715
73 534
80 500
81 336
81 777
84 917
84 624
85 717
85 217
86 899
88 107
95 370
97 953
103 502
105 370
105 508
108 342
109 196
111 458
111 812
112 987
115 578
119 371
120 407
124 556
128 817
128 832
128 326
138 521
138 668
139 305
140 372
141 530
145 340
157 289
161 686
163 913
167 303
169 553
173 901
178 720
188 936
188 202
195 347
195 982
197 824
199 802
202 760
206 856
207 430
210 940
216 391
217 318
218 705
218 272
221 646
222 930
225 986
228 334
229 674
231 909
231 914
231 612
234 671
234 500
238 501
238 267
241 982
242 668
242 521
248 721
258 737
260 454
265 887
269 829
275 528
281 291
288 942
292 762
296 481
297 575
302 349
304 370
304 851
307 671
314 781
314 986
320 471
321 814
324 876
326 888
330 819
332 706
340 976
346 796
346 586
347 973
350 690
357 554
357 633
363 577
363 680
367 979
367 426
371 734
378 533
380 972
381 825
383 719
389 677
390 973
392 798
393 998
395 819
396 488
398 818
405 839
413 676
416 783
416 795
416 732
420 472
423 585
425 974
425 780
427 546
432 704
442 985
445 511
447 482
449 461
458 538
460 533
462 945
466 497
466 713
475 759
477 576
487 927
492 964
495 800
497 836
502 965
504 693
506 990
509 834
522 834
532 850
532 852
539 614
550 873
551 649
552 865
554 786
558 956
559 1000
574 815
574 967
576 723
582 646
582 788
590 699
591 725
596 976
598 901
598 705
599 682
600 791
602 659
608 938
616 661
625 717
631 986
635 966
636 825
639 712
639 822
642 985
654 894
655 758
661 825
664 934
666 951
673 683
675 942
678 681
684 880
692 905
693 731
703 711
705 946
727 953
732 800
738 883
744 998
755 803
759 895
760 880
776 845
780 838
786 924
787 818
789 793
789 996
800 977
804 984
809 916
812 978
829 994
833 954
837 960
841 946
867 969
887 960
890 940
892 961
