2 508
4 641
6 331
9 896
10 245
11 583
12 826
13 440
14 711
14 462
16 680
17 309
25 84
25 395
25 47
30 610
31 458
37 169
37 679
38 286
39 216
40 634
42 300
42 121
44 259
46 875
47 200
53 693
54 268
55 462
55 438
60 83
60 333
61 196
62 973
66 696
70 547
72 405
77 598
78 89
80 593
82 698
82 852
83 498
87 941
88 101
89 378
96 253
99 206
102 859
102 632
104 253
104 511
106 810
106 772
108 388
110 373
111 920
112 967
117 447
117 470
117 248
117 900
118 433
121 475
131 822
134 374
134 891
134 165
135 949
136 937
136 883
138 350
139 449
140 768
140 865
140 889
141 193
143 905
145 681
146 523
150 735
152 260
154 458
158 850
165 188
166 283
169 308
169 185
172 262
173 319
173 287
173 279
174 474
176 539
177 256
177 254
183 854
185 255
185 877
189 575
194 873
194 482
198 653
198 383
199 742
200 213
202 415
207 865
214 577
214 320
221 762
221 964
221 840
226 994
227 952
229 882
236 976
239 883
240 408
243 529
246 391
255 292
259 670
263 559
264 783
267 570
275 774
278 898
278 639
280 956
284 864
288 868
289 473
296 504
300 676
301 534
307 622
314 653
315 703
316 535
318 443
324 373
326 707
326 648
329 878
329 644
338 646
339 515
339 950
342 478
346 420
354 675
356 995
358 410
366 374
370 518
373 973
375 380
378 422
383 662
384 942
388 420
388 430
401 776
405 849
405 894
405 418
407 985
417 709
421 757
425 661
428 491
428 923
429 750
430 850
430 445
431 695
436 686
438 538
440 797
440 488
449 540
452 774
452 572
468 575
469 569
483 728
483 538
484 927
492 709
496 608
508 705
512 741
520 997
525 720
526 697
544 942
545 677
550 955
555 885
563 613
567 945
569 678
571 906
571 835
576 651
580 790
584 875
592 694
599 980
601 889
619 815
623 843
635 675
641 896
644 795
645 694
649 926
655 857
660 828
660 987
661 996
663 813
666 680
677 960
679 848
690 946
691 861
703 977
708 962
708 840
711 856
718 909
722 908
736 981
750 809
750 856
752 842
757 942
763 974
770 979
784 835
786 924
808 828
819 837
846 875
884 950
914 929
916 973
