6 837
6 642
9 631
10 811
19 943
20 162
23 646
27 243
27 351
29 955
31 63
35 676
37 574
39 224
41 474
42 693
45 367
48 576
48 450
56 795
56 455
59 980
59 479
63 557
64 962
66 727
66 88
68 767
68 820
69 664
69 752
69 567
75 935
78 230
79 900
82 187
86 576
89 301
92 351
94 334
94 149
95 190
96 173
98 345
101 375
101 615
103 217
103 536
106 502
116 224
120 917
121 725
121 828
122 600
123 356
124 685
124 207
126 897
130 886
132 312
138 542
138 662
146 416
147 220
148 997
152 466
152 834
154 495
158 202
158 513
160 611
160 751
162 634
162 725
163 739
172 642
172 550
175 702
177 377
177 878
184 589
186 904
194 978
198 468
200 922
201 627
202 726
209 871
209 631
210 681
210 756
211 840
213 609
215 939
216 860
218 982
222 611
225 228
227 600
229 402
232 565
235 291
236 654
238 306
239 511
239 835
239 753
240 635
245 674
245 256
247 982
251 997
254 937
258 295
259 962
259 312
261 591
262 874
265 770
265 611
266 407
269 641
269 645
272 372
281 825
281 575
282 931
284 527
285 300
285 929
287 306
295 298
299 777
303 698
304 709
308 648
309 799
313 889
315 922
315 791
319 596
320 543
321 825
326 857
327 584
327 717
328 575
329 752
331 510
335 803
336 916
341 693
342 540
355 874
357 958
361 938
370 927
376 560
381 603
381 819
383 704
389 497
389 578
392 874
393 470
395 568
396 470
398 416
399 406
400 705
408 468
409 664
428 865
430 613
430 605
432 684
433 881
435 808
436 629
439 848
441 562
446 945
448 504
451 780
455 632
460 729
461 537
461 855
461 484
461 759
469 621
490 804
492 844
492 531
497 749
499 969
501 918
504 707
508 555
510 957
513 936
516 831
519 753
523 914
537 686
539 932
542 558
542 571
546 917
552 619
555 770
567 647
578 807
586 808
587 836
590 919
590 962
614 743
614 867
617 789
618 794
621 854
621 977
628 677
633 741
645 653
665 963
670 709
679 767
695 869
723 940
727 954
733 841
740 1000
746 944
756 961
762 901
768 777
786 979
795 845
800 898
814 824
817 925
839 961
873 910
892 948
901 967
902 953
922 938
954 965
