1 452
3 352
3 70
5 980
6 694
6 346
7 313
8 790
13 668
14 801
19 535
19 483
26 950
27 457
27 355
28 547
30 158
35 679
37 833
40 518
42 413
45 473
45 799
49 887
49 321
49 347
51 459
52 601
53 751
57 966
57 737
57 602
59 938
61 303
61 92
64 155
66 399
67 208
68 688
73 380
77 585
77 741
78 641
78 153
80 286
82 902
86 450
90 683
92 299
93 277
99 148
103 108
105 947
109 380
113 360
113 448
114 938
116 845
117 321
119 428
122 631
123 349
129 313
135 879
137 644
146 624
147 260
147 792
158 747
161 338
163 304
164 223
165 851
168 518
172 710
179 496
181 859
182 477
182 318
184 228
187 613
187 681
188 405
189 863
189 781
193 361
193 511
195 721
198 733
199 364
201 480
207 886
208 414
213 422
214 350
217 614
219 699
219 876
229 580
234 389
237 616
240 956
242 979
245 264
253 459
254 521
254 587
257 512
258 443
259 878
259 390
260 489
260 706
264 440
266 300
269 456
271 383
274 328
278 532
286 445
291 341
300 301
308 642
312 323
312 888
315 387
320 448
323 483
324 856
326 470
327 749
329 659
331 683
332 520
332 576
335 772
336 494
338 917
341 595
342 808
342 742
344 404
347 705
351 455
352 440
362 586
363 733
368 506
375 746
381 971
381 961
384 493
385 494
386 641
388 558
388 998
397 668
403 841
408 887
409 930
413 538
416 827
418 545
424 486
424 861
432 631
432 458
434 984
436 726
440 857
444 510
445 759
448 703
452 730
453 934
456 922
464 633
467 974
467 512
468 936
469 588
470 522
473 590
477 938
477 962
479 569
491 919
495 857
498 862
499 762
500 621
503 916
505 570
511 632
514 827
515 633
516 912
516 693
522 836
524 558
541 578
544 621
545 801
546 891
553 628
554 929
555 887
559 572
560 713
561 863
561 603
562 837
574 754
578 652
580 968
581 913
582 816
582 713
594 606
600 705
606 664
609 791
609 704
617 860
619 820
621 825
621 775
625 910
629 888
636 755
637 693
641 722
658 676
662 764
667 844
676 933
680 757
695 787
714 789
727 923
741 933
779 949
794 826
799 881
800 981
806 920
806 813
829 837
867 942
884 892
