2 960
5 261
5 682
5 890
9 454
11 567
19 536
25 522
33 740
38 379
39 746
40 522
49 148
49 475
50 605
50 973
51 206
57 294
59 672
61 729
61 142
62 875
62 501
65 224
65 884
69 721
72 114
73 981
78 406
78 295
81 200
83 307
84 146
85 136
86 163
88 551
89 253
89 531
89 536
92 528
93 941
93 143
94 215
94 695
94 484
95 189
97 659
99 302
102 496
103 845
104 784
105 816
108 728
110 859
111 933
114 960
114 824
115 369
118 962
119 988
121 987
124 129
125 941
126 932
126 715
127 803
129 851
133 288
133 611
133 882
136 458
137 583
142 443
143 535
147 893
147 807
147 468
148 649
159 669
166 224
168 678
169 681
171 762
174 973
176 642
177 825
177 1000
183 365
187 353
190 256
194 383
197 230
199 301
200 489
200 998
203 206
204 779
208 261
209 338
219 350
222 479
223 391
224 935
227 409
228 465
228 685
233 241
233 653
236 915
242 589
244 758
250 785
257 549
258 919
261 576
264 767
265 908
266 712
270 597
271 518
272 705
279 527
282 305
283 728
291 819
294 379
296 899
298 415
299 397
299 883
300 847
301 655
304 852
305 445
306 342
310 874
311 607
315 488
324 886
325 330
327 695
329 542
329 879
330 520
334 352
334 430
334 452
343 520
353 738
362 778
364 673
366 943
370 642
373 606
374 705
382 844
383 894
387 971
390 554
396 474
398 688
399 816
405 878
406 675
411 780
416 630
436 577
443 860
455 832
458 801
459 737
460 720
461 861
463 678
469 544
475 829
476 973
478 751
484 967
485 981
487 754
490 741
492 716
496 716
501 879
505 878
508 601
512 798
513 723
518 942
521 744
525 536
525 742
525 528
530 687
539 898
541 815
554 810
557 585
562 747
568 782
571 782
584 728
597 694
603 979
604 836
617 875
619 630
622 778
623 915
624 832
624 732
627 751
639 821
640 802
647 794
657 666
662 720
662 967
663 980
664 780
665 807
665 825
667 931
673 876
685 686
700 786
713 907
737 759
739 919
739 753
744 988
769 786
775 850
788 962
799 872
800 893
805 836
806 917
808 948
815 998
825 840
825 834
827 878
839 945
850 910
860 883
900 951
912 1000
969 999
