1 440
4 808
4 950
5 562
7 142
9 454
10 993
10 399
16 71
16 241
19 141
21 502
21 731
23 360
23 212
25 636
26 793
29 421
30 670
31 350
35 265
36 520
39 712
43 784
44 722
49 767
51 759
52 798
57 208
58 222
63 705
64 766
71 841
71 928
72 835
73 449
78 478
81 846
86 598
86 169
87 847
87 244
90 246
91 463
91 705
92 98
94 172
94 302
105 567
108 955
113 464
113 729
114 993
115 882
119 880
120 936
120 820
123 777
125 151
131 736
132 595
135 575
136 223
138 849
138 480
142 718
147 255
150 728
153 520
154 226
154 878
157 944
160 658
163 518
165 767
166 903
166 211
172 738
177 263
182 602
186 910
188 338
189 702
190 957
191 929
192 446
195 967
199 485
201 755
201 715
203 335
206 406
213 859
217 422
218 393
223 420
224 728
225 239
225 690
226 244
226 497
230 580
232 483
233 344
235 581
236 823
239 621
240 386
243 768
249 918
251 455
252 295
253 376
254 944
256 665
259 808
262 908
262 332
267 741
268 316
269 950
269 958
269 980
271 753
277 408
280 384
285 362
288 887
289 316
291 801
292 731
296 631
297 678
299 584
303 308
304 495
308 592
310 682
317 491
318 618
321 544
322 679
324 694
325 722
325 616
331 762
332 681
334 634
338 736
343 604
348 976
351 768
351 956
354 425
356 424
361 637
364 950
369 916
373 714
391 863
394 772
402 598
402 962
406 959
408 958
418 673
422 790
423 820
434 713
435 624
435 876
436 892
443 858
447 926
449 791
452 989
453 776
456 697
457 884
460 645
472 927
472 978
477 552
479 720
484 808
488 672
499 994
501 753
502 903
513 790
519 942
522 605
527 666
528 823
529 997
531 784
537 544
539 988
540 737
547 974
558 903
560 970
564 741
568 873
578 642
584 1000
602 820
615 751
620 856
627 724
627 954
633 894
636 935
639 643
648 834
652 830
653 881
660 828
679 900
685 860
686 751
696 737
708 954
711 999
711 713
717 978
721 905
729 730
731 986
731 968
736 816
738 784
750 821
751 947
760 928
776 923
799 909
802 895
843 889
852 857
872 910
891 943
897 997
903 991
918 934
919 964
935 973
958 981
959 970
981 996
