1 10000 0 10000
2 10000 0 20000
3 10000 6 29994
4 10000 57 39943
5 10000 234 49762
6 10000 785 59203
7 10000 1967 68009
8 10000 4261 75707
9 10000 7767 82193
10 10000 12520 87432
11 10000 12461 87491
12 10000 12438 87522
13 10000 12547 87427
14 10000 12613 87359
15 10000 12563 87413
16 10000 12614 87364
17 10000 12625 87345
18 10000 12652 87316
19 10000 12601 87355
20 10000 12532 87426
21 10000 12420 87524
22 10000 12377 87577
23 10000 12303 87651
24 10000 12343 87601
25 10000 12317 87625
26 10000 12232 87708
27 10000 12270 87666
28 10000 12264 87672
29 10000 12392 87548
30 10000 12423 87531
31 10000 12466 87488
32 10000 12450 87508
33 10000 12530 87434
34 10000 12528 87448
35 10000 12544 87428
36 10000 12507 87459
37 10000 12488 87472
38 10000 12536 87428
39 10000 12530 87430
40 10000 12522 87428
41 10000 12557 87389
42 10000 12537 87413
43 10000 12603 87359
44 10000 12501 87459
45 10000 12489 87465
46 10000 12483 87469
47 10000 12539 87411
48 10000 12393 87567
49 10000 12252 87708
50 10000 12302 87664
51 10000 12405 87555
52 10000 12345 87607
53 10000 12305 87645
54 10000 12289 87661
55 10000 12281 87673
56 10000 12410 87550
57 10000 12509 87455
58 10000 12527 87441
59 10000 12475 87479
60 10000 12468 87484
61 10000 12564 87390
62 10000 12426 87534
63 10000 12562 87396
64 10000 12621 87329
65 10000 12559 87391
66 10000 12452 87498
67 10000 12286 87666
68 10000 12356 87594
69 10000 12313 87645
70 10000 12388 87562
71 10000 12376 87568
72 10000 12390 87554
73 10000 12454 87498
74 10000 12459 87483
75 10000 12422 87518
76 10000 12547 87387
77 10000 12596 87336
78 10000 12634 87306
79 10000 12534 87408
80 10000 12536 87408
81 10000 12610 87336
82 10000 12612 87330
83 10000 12645 87299
84 10000 12484 87460
85 10000 12496 87456
86 10000 12397 87553
87 10000 12515 87435
88 10000 12601 87353
89 10000 12478 87484
90 10000 12546 87418
91 10000 12443 87515
92 10000 12502 87466
93 10000 12489 87471
94 10000 12515 87447
95 10000 12522 87442
96 10000 12495 87471
97 10000 12536 87424
98 10000 12492 87452
99 10000 12577 87361
100 10000 12572 87372
