1 10000 0 0 0
2 10000 0 0 0
3 9994 0 6 0
4 9949 0 51 0
5 9819 0 177 0
6 9441 0 551 0
7 8806 0 1182 0
8 7698 0 2294 0
9 6486 0 3506 0
10 5239 0 4753 0
11 4087 9992 5905 0
12 4004 9992 5996 0
13 3870 9983 6128 1
14 3961 9988 6033 8
15 3915 9898 6075 88
16 3960 9766 6036 228
17 3956 9566 6030 428
18 3996 9274 6000 724
19 3992 9090 5992 906
20 4086 9189 5900 795
21 3983 9562 5997 432
22 3948 9503 6044 479
23 3933 9467 6057 523
24 3958 9480 6028 516
25 3970 9408 6016 580
26 4011 9434 5977 556
27 4026 9435 5966 561
28 3930 9380 6060 610
29 3959 9400 6037 592
30 3982 9453 6008 523
31 3871 9458 6119 532
32 3967 9417 6023 569
33 3932 9372 6062 616
34 3968 9426 6032 562
35 3935 9371 6057 625
36 4000 9402 5988 592
37 3987 9497 6001 497
38 3947 9452 6043 534
39 3920 9331 6068 661
40 3974 9384 6014 614
41 3983 9436 6005 556
42 4040 9412 5954 578
43 3975 9425 6019 557
44 4023 9415 5967 577
45 4000 9380 5986 612
46 3997 9407 5987 579
47 3894 9433 6096 559
48 4074 9341 5922 645
49 4037 9411 5959 585
50 3928 9392 6064 594
51 3938 9436 6044 552
52 4048 9392 5938 602
53 4032 9411 5952 575
54 4018 9446 5968 540
55 3999 9413 5987 569
56 3936 9448 6058 540
57 3940 9454 6058 540
58 3996 9426 5998 564
59 4060 9413 5918 579
60 4021 9380 5969 612
61 3973 9414 6015 572
62 4027 9387 5967 601
63 3928 9395 6054 589
64 3984 9402 6002 592
65 4119 9449 5875 545
66 4093 9379 5897 611
67 4043 9398 5945 588
68 3852 9380 6136 610
69 3961 9418 6031 566
70 3931 9397 6055 597
71 4001 9445 5987 549
72 3954 9363 6032 623
73 4008 9418 5986 568
74 4008 9420 5972 570
75 4095 9443 5891 545
76 3911 9500 6077 494
77 3954 9461 6036 531
78 3996 9366 5992 614
79 3985 9397 6003 589
80 3962 9419 6022 563
81 3956 9434 6028 548
82 3980 9419 6010 575
83 3948 9379 6040 607
84 4095 9416 5895 574
85 3906 9391 6088 595
86 4016 9389 5970 599
87 3886 9384 6094 596
88 3874 9384 6110 596
89 4021 9426 5975 562
90 3901 9398 6091 592
91 3993 9386 5993 606
92 3978 9421 6014 561
93 4003 9432 5979 558
94 3918 9382 6074 608
95 4019 9454 5973 536
96 4054 9423 5938 567
97 3981 9441 6009 555
98 4023 9392 5951 598
99 3903 9396 6083 596
100 4038 9438 5958 552
