1 58
1 214
1 6
1 786
1 95
1 2
1 29
1 11
1 22
1 31
1 5
1 7
1 3
1 12
1 15
1 55
1 893
1 73
1 9
1 115
1 38
1 854
1 239
1 555
1 147
1 495
1 4
1 8
1 17
1 78
1 51
1 735
1 89
1 101
1 42
1 298
1 86
1 745
1 37
1 179
1 703
1 48
1 140
1 191
1 76
1 21
1 16
1 355
1 346
1 585
1 97
1 50
1 74
1 156
1 39
1 85
1 67
1 13
1 47
1 33
1 488
1 914
1 34
1 10
1 32
1 83
1 70
1 630
1 28
1 23
1 96
1 201
1 229
1 27
1 137
1 172
1 269
1 25
2 3
2 41
2 5
2 470
2 37
2 6
2 423
2 21
2 66
2 8
2 9
2 159
2 14
2 23
2 11
2 248
2 592
2 25
2 30
2 27
2 4
2 31
2 10
2 16
2 12
2 171
2 136
2 504
2 200
2 294
2 24
2 383
2 90
2 373
2 175
2 44
2 283
2 99
2 145
2 20
2 36
2 169
2 269
2 151
2 112
2 682
2 19
2 18
2 606
2 61
2 743
2 57
2 589
2 42
2 855
2 221
2 117
2 62
2 7
2 22
2 79
2 162
2 413
2 29
2 39
2 65
2 28
2 17
2 324
2 319
2 216
2 74
2 812
2 55
2 97
2 15
2 26
2 49
2 111
2 495
2 110
2 101
2 129
2 636
2 711
2 657
2 599
2 134
2 250
2 176
2 761
2 80
2 96
2 132
2 52
2 501
2 38
2 979
2 234
2 237
2 271
2 931
2 357
2 67
2 198
2 401
2 299
2 51
2 206
2 119
2 252
2 45
2 13
2 391
2 949
2 33
2 230
2 50
2 531
2 304
2 146
2 183
2 191
2 34
2 454
2 59
2 53
2 502
2 109
2 196
2 58
2 635
2 137
2 745
2 105
2 612
2 130
2 85
2 435
2 78
2 70
2 238
2 664
2 75
2 83
2 47
2 902
2 185
3 5
3 257
3 10
3 6
3 35
3 91
3 26
3 148
3 12
3 16
3 89
3 9
3 743
3 7
3 19
3 11
3 25
3 46
3 136
3 31
3 61
3 33
3 637
3 4
3 27
3 94
3 359
3 47
3 156
3 820
3 37
3 30
3 268
3 481
3 803
3 110
3 92
3 831
3 52
3 908
3 179
3 865
3 60
3 62
3 13
3 224
3 32
3 36
3 159
3 17
3 377
3 87
3 23
3 194
3 88
3 365
3 819
3 129
3 750
3 50
3 14
3 73
3 24
3 48
3 405
3 74
3 267
3 69
3 142
3 109
3 621
3 959
3 76
3 63
3 20
3 533
3 42
3 723
3 55
3 8
3 15
3 44
3 909
3 21
3 204
3 38
3 43
3 349
3 113
3 443
3 93
3 471
3 28
3 258
3 442
4 141
4 404
4 145
4 117
4 19
4 245
4 38
4 43
4 416
4 5
4 57
4 30
4 33
4 10
4 24
4 7
4 11
4 132
4 174
4 671
4 74
4 492
4 14
4 39
4 131
4 31
4 108
4 267
4 185
4 35
4 6
4 142
4 12
4 316
4 353
4 16
4 45
4 248
4 184
4 83
4 338
4 150
4 37
4 220
4 163
4 21
4 143
4 128
4 134
4 589
4 22
4 564
4 51
4 523
4 989
4 46
4 858
4 13
4 519
4 8
4 9
4 40
4 268
4 180
5 94
5 287
5 21
5 6
5 49
5 275
5 13
5 10
5 104
5 22
5 7
5 157
5 85
5 71
5 876
5 42
5 88
5 17
5 23
5 44
5 248
5 456
5 8
5 50
5 110
5 34
5 1000
5 528
5 284
5 200
5 29
5 99
5 39
5 91
5 26
5 11
5 516
5 52
5 163
5 41
5 232
6 67
6 37
6 23
6 8
6 115
6 7
6 9
6 22
6 734
6 18
6 79
6 71
6 21
6 24
6 20
6 669
6 50
6 68
6 59
6 152
6 35
6 154
6 94
6 829
6 26
6 28
6 618
6 39
6 117
6 10
6 495
6 17
6 179
6 15
6 442
6 93
6 273
6 413
6 57
6 681
6 205
6 34
6 371
6 746
6 377
7 279
7 523
7 510
7 112
7 169
7 150
7 801
7 31
7 76
7 55
7 10
7 32
7 60
7 27
7 546
7 11
7 23
7 79
7 352
7 652
7 8
7 15
7 9
7 151
7 25
7 56
7 20
7 24
7 34
7 13
7 336
7 653
7 137
7 243
7 17
7 43
7 213
7 314
8 28
8 16
8 51
8 21
8 55
8 120
8 150
8 11
8 31
8 19
8 37
8 33
8 189
8 26
8 23
8 317
8 39
8 716
8 90
8 949
8 145
8 15
8 13
8 781
9 594
9 27
9 685
9 54
9 198
9 11
9 147
9 43
9 24
9 866
9 10
9 419
9 144
9 117
9 254
9 70
9 36
9 20
9 80
9 17
9 26
9 16
9 38
9 32
9 445
9 39
9 150
9 30
9 73
9 22
10 13
10 263
10 26
10 60
10 41
10 59
10 90
10 18
10 105
10 742
10 16
10 63
10 146
10 20
10 171
10 870
10 54
10 51
10 17
10 88
10 31
10 133
10 21
11 69
11 133
11 129
11 191
11 20
11 40
11 17
11 38
11 150
11 373
11 187
12 14
12 63
12 31
12 22
12 860
12 692
12 15
12 239
12 23
12 461
12 437
12 365
12 261
12 18
13 51
13 61
13 22
13 501
13 642
13 90
13 70
13 24
13 170
13 29
13 133
13 18
13 150
14 54
14 18
14 307
14 35
14 160
14 532
14 26
14 97
14 116
14 49
15 55
15 30
15 48
15 56
15 17
15 190
15 40
15 104
15 362
15 729
15 26
15 447
15 96
15 33
15 146
15 31
15 579
15 18
16 592
16 29
16 28
16 113
16 213
16 804
16 369
16 424
16 23
16 19
16 102
16 31
16 83
16 17
16 835
17 60
17 53
17 588
17 210
17 95
17 219
17 652
18 52
18 319
18 856
18 921
18 287
18 940
18 139
19 47
19 488
19 22
19 21
19 33
19 113
19 69
19 147
20 341
20 136
20 33
20 237
20 148
21 26
21 358
21 410
21 79
22 65
22 138
22 273
22 391
22 56
22 93
22 96
23 35
23 26
23 292
23 244
23 50
23 53
23 595
24 238
24 35
24 56
24 97
24 159
24 200
24 423
24 472
24 29
25 168
25 312
25 248
25 40
25 54
26 68
26 539
26 119
26 75
26 35
26 49
26 60
27 81
27 571
27 968
27 94
28 136
28 541
29 610
29 65
29 121
30 386
30 352
31 198
31 53
32 121
32 893
32 36
33 796
34 50
34 35
34 39
35 92
35 276
35 56
36 949
38 417
38 529
39 90
39 909
39 182
39 61
40 79
40 562
41 314
41 231
42 91
43 44
44 289
44 69
45 74
46 141
46 92
46 223
47 664
47 183
47 209
48 394
48 100
48 309
49 87
49 97
50 441
51 826
51 139
53 353
54 484
55 91
55 626
56 413
56 526
58 324
58 493
60 237
60 671
61 451
61 137
62 128
66 98
66 880
67 468
67 77
68 113
68 269
69 99
69 72
71 97
72 170
73 128
74 902
75 116
77 252
77 460
78 720
80 325
80 182
81 242
85 137
89 138
91 171
92 122
92 186
94 870
95 538
97 163
97 99
98 542
99 234
103 112
105 893
106 195
106 121
116 790
123 233
125 668
129 145
135 831
149 214
156 348
160 349
163 314
179 261
196 748
218 750
222 402
230 642
232 296
235 574
260 741
261 737
280 471
293 808
299 411
300 841
313 746
322 441
377 881
379 986
460 912
491 633
493 782
502 764
764 953
858 864
922 955
