1 2
1 250
1 11
1 300
1 14
1 3
1 29
1 69
1 103
1 511
1 124
1 310
1 40
1 646
1 12
1 6
1 13
1 26
1 8
1 5
1 4
1 17
1 427
1 299
1 46
1 742
1 53
1 23
1 10
1 7
1 35
1 731
1 78
1 9
1 407
1 18
1 115
1 154
1 16
1 587
1 48
1 162
1 574
1 304
1 42
1 30
1 301
1 109
1 80
1 33
1 19
1 382
1 70
1 789
1 362
1 222
1 20
1 36
1 158
1 672
1 251
1 93
1 135
1 164
1 341
1 465
1 140
1 31
1 165
1 21
1 22
1 56
1 34
1 125
1 295
1 62
1 100
1 390
1 64
1 928
1 155
1 564
1 77
1 659
1 15
1 24
1 303
1 489
1 801
1 66
1 231
1 356
1 193
1 241
1 67
1 25
1 37
1 219
1 68
1 532
1 256
1 168
1 50
1 47
1 806
1 88
1 287
1 201
1 877
1 130
1 675
1 776
1 324
1 63
1 52
1 51
1 28
1 368
1 96
1 466
1 479
1 60
1 58
1 86
1 150
1 179
1 174
1 173
1 198
1 159
1 163
1 170
1 119
1 142
1 120
1 261
1 486
1 79
1 43
1 200
1 276
1 379
1 94
1 302
1 271
1 27
1 82
1 41
1 38
1 99
1 312
1 935
1 419
1 152
1 87
1 640
1 110
1 946
1 239
1 102
1 476
1 305
1 75
1 197
1 146
1 383
1 641
1 139
1 342
1 371
1 258
1 244
1 934
1 212
1 136
1 865
1 482
1 113
1 411
1 365
1 907
1 554
1 131
1 76
1 236
1 871
1 32
1 673
1 637
1 104
2 107
2 9
2 36
2 47
2 13
2 3
2 15
2 6
2 35
2 4
2 11
2 86
2 14
2 8
2 5
2 694
2 111
2 27
2 7
2 33
2 542
2 271
2 28
2 161
2 172
2 812
2 777
2 947
2 16
2 186
2 31
2 17
2 32
2 232
2 203
2 106
2 300
2 41
2 12
2 362
2 681
2 22
2 60
2 26
2 62
2 475
2 10
2 24
2 312
2 21
2 414
2 34
2 37
2 349
2 218
2 23
2 586
2 99
2 45
2 108
2 25
2 18
2 862
2 527
2 154
2 335
2 387
2 109
2 381
2 914
2 928
2 182
2 643
2 758
2 328
2 38
2 420
2 711
2 20
2 68
2 817
2 101
2 43
2 81
2 113
2 134
2 91
2 494
2 205
2 431
2 481
2 63
2 395
2 141
2 128
2 183
2 19
2 39
2 893
2 115
2 30
2 84
2 157
2 40
2 132
2 863
2 58
2 759
2 151
2 102
2 96
2 110
2 52
2 72
2 123
2 142
2 341
2 217
2 130
2 54
2 145
2 848
2 178
2 462
2 392
2 440
2 564
2 316
2 61
2 722
2 88
2 51
2 118
2 73
2 29
2 499
2 55
2 42
2 44
2 136
2 256
2 290
2 514
2 49
2 504
2 177
2 832
2 59
2 388
2 50
2 579
2 824
2 97
2 160
2 488
2 491
2 646
2 143
2 133
2 262
2 301
2 653
2 613
2 326
2 936
2 74
2 363
2 207
2 424
2 190
2 169
2 179
2 364
2 216
2 65
2 184
2 792
2 304
2 416
2 57
2 162
2 569
2 323
2 138
2 451
2 581
2 153
2 575
2 212
2 129
2 584
2 66
2 92
2 353
2 737
2 222
2 983
2 180
2 140
2 599
2 174
2 131
2 287
2 269
2 297
2 70
2 228
2 238
2 339
2 331
2 171
2 380
2 240
2 231
2 689
2 139
2 355
2 428
2 127
2 390
2 219
2 197
2 258
2 167
2 887
2 877
2 125
2 478
2 268
2 305
2 595
2 103
2 126
2 149
2 244
2 155
2 234
2 79
2 93
2 578
2 168
2 69
2 215
2 80
2 523
2 116
2 684
2 114
2 248
2 713
2 449
2 474
2 48
2 930
2 540
2 418
2 82
2 455
2 704
2 204
2 112
2 152
2 376
2 438
2 95
2 121
2 923
2 170
2 996
2 286
2 146
2 382
2 275
2 303
2 272
2 77
2 645
2 299
2 442
2 552
2 441
2 199
2 409
2 53
2 159
2 198
2 67
2 435
2 840
2 537
2 175
2 627
2 894
2 354
2 898
2 98
2 506
2 588
2 306
2 78
2 147
2 164
2 668
2 687
2 214
2 192
2 675
2 574
2 903
2 208
2 401
2 163
2 529
2 695
2 606
2 202
2 620
2 437
2 791
2 249
2 642
2 85
2 188
2 191
2 100
2 496
2 298
2 253
2 734
2 524
2 279
2 311
2 340
2 71
2 685
2 135
2 626
2 716
2 456
2 820
2 259
3 18
3 14
3 954
3 110
3 5
3 726
3 11
3 24
3 115
3 4
3 8
3 33
3 304
3 17
3 184
3 12
3 60
3 121
3 94
3 624
3 6
3 244
3 127
3 64
3 10
3 62
3 56
3 7
3 32
3 68
3 288
3 253
3 9
3 298
3 27
3 19
3 22
3 719
3 460
3 90
3 47
3 261
3 59
3 63
3 70
3 16
3 106
3 223
3 45
3 322
3 656
3 104
3 497
3 114
3 589
3 170
3 274
3 558
3 619
3 790
3 29
3 35
3 131
3 13
3 887
3 25
3 108
3 23
3 219
3 187
3 949
3 128
3 240
3 101
3 214
3 386
3 316
3 161
3 143
3 84
3 339
3 196
3 284
3 136
3 43
3 507
3 205
3 475
3 730
3 692
3 295
3 854
3 294
3 694
3 111
3 767
3 255
3 197
3 83
3 391
3 179
3 36
3 61
3 390
3 15
3 371
3 434
3 319
3 228
3 441
3 66
3 54
3 267
3 102
3 618
3 53
3 301
3 31
3 224
3 935
3 347
3 28
3 82
3 72
3 335
3 144
3 246
3 342
3 510
3 707
3 98
3 204
3 201
3 34
3 236
3 58
3 44
3 145
3 352
3 20
3 377
3 292
3 74
3 199
3 78
3 86
3 190
3 198
3 163
3 103
3 67
3 41
3 193
3 449
3 473
3 734
3 411
3 158
3 55
3 87
3 30
3 80
3 175
3 50
3 328
3 164
3 182
3 37
3 38
3 324
3 107
3 271
3 895
3 21
3 46
3 750
3 315
3 504
3 81
3 356
3 105
3 206
3 285
3 904
3 509
3 265
3 916
3 210
3 57
3 92
3 49
3 157
3 40
3 440
3 610
3 272
3 838
3 153
3 89
3 840
3 575
3 876
3 168
3 237
3 112
3 26
3 93
3 754
3 286
3 455
3 172
3 857
3 942
3 542
3 113
3 417
3 559
3 42
3 79
3 95
3 348
3 52
3 357
3 150
4 93
4 704
4 173
4 134
4 8
4 295
4 112
4 5
4 129
4 7
4 11
4 84
4 18
4 6
4 36
4 33
4 994
4 62
4 12
4 138
4 32
4 346
4 15
4 66
4 16
4 102
4 274
4 19
4 20
4 303
4 312
4 523
4 779
4 200
4 125
4 14
4 825
4 364
4 55
4 25
4 40
4 21
4 786
4 229
4 264
4 9
4 350
4 39
4 13
4 24
4 63
4 170
4 142
4 104
4 109
4 65
4 92
4 106
4 178
4 46
4 22
4 301
4 514
4 83
4 59
4 38
4 951
4 1000
4 712
4 122
4 483
4 49
4 52
4 27
4 28
4 570
4 410
4 201
4 17
4 823
4 613
4 972
4 116
4 572
4 297
4 23
4 435
4 407
4 206
4 100
4 162
4 936
4 114
4 150
4 176
4 905
4 517
4 617
4 121
4 10
4 34
4 98
4 30
4 198
4 577
4 509
4 58
4 68
4 37
4 859
4 179
4 416
4 123
4 347
4 652
4 48
4 705
4 26
4 338
4 213
4 45
4 81
4 35
4 161
4 397
4 609
4 278
4 389
4 29
4 192
4 80
4 51
4 379
4 31
4 237
4 64
4 71
4 95
4 671
4 53
4 41
4 47
4 247
4 222
4 113
4 732
4 424
4 675
4 235
4 42
4 858
4 144
4 75
5 7
5 836
5 11
5 46
5 695
5 48
5 88
5 209
5 131
5 70
5 44
5 59
5 23
5 292
5 18
5 17
5 10
5 273
5 425
5 6
5 166
5 9
5 66
5 398
5 92
5 275
5 52
5 71
5 706
5 190
5 15
5 32
5 140
5 76
5 37
5 79
5 615
5 16
5 13
5 55
5 81
5 8
5 22
5 19
5 255
5 67
5 272
5 132
5 141
5 38
5 681
5 62
5 454
5 12
5 145
5 65
5 102
5 14
5 26
5 107
5 31
5 27
5 25
5 50
5 873
5 181
5 389
5 39
5 740
5 381
5 51
5 781
5 545
5 20
5 105
5 133
5 712
5 61
5 24
5 345
5 28
5 851
5 130
5 69
5 41
5 337
5 388
5 144
5 645
5 56
5 210
5 68
5 303
5 73
5 330
5 308
5 47
5 126
5 35
5 800
5 466
5 229
5 43
5 134
5 63
5 419
5 219
5 60
5 33
5 57
5 291
5 462
5 49
5 97
5 196
5 159
5 347
5 112
5 367
5 177
5 287
5 483
5 409
5 614
5 122
5 29
5 666
5 485
5 929
5 21
5 332
5 675
5 281
5 632
5 173
5 213
5 119
5 286
5 338
5 194
5 385
5 163
5 204
5 162
5 456
5 386
5 443
5 53
5 155
6 32
6 12
6 23
6 121
6 122
6 325
6 51
6 7
6 135
6 14
6 895
6 984
6 33
6 50
6 320
6 10
6 64
6 211
6 53
6 83
6 17
6 221
6 13
6 30
6 20
6 49
6 8
6 866
6 26
6 19
6 531
6 18
6 266
6 42
6 43
6 295
6 194
6 48
6 113
6 58
6 530
6 36
6 177
6 73
6 144
6 9
6 107
6 80
6 21
6 544
6 25
6 791
6 209
6 257
6 35
6 897
6 100
6 216
6 11
6 96
6 478
6 803
6 601
6 158
6 15
6 56
6 46
6 616
6 16
6 580
6 63
6 111
6 37
6 69
6 41
6 522
6 407
6 116
6 60
6 720
6 40
6 890
6 28
6 319
6 233
6 525
6 97
6 82
6 309
6 109
6 173
6 134
6 44
6 88
6 162
6 22
6 31
6 473
6 440
6 482
6 81
6 941
6 250
6 554
6 124
6 832
6 347
6 477
6 29
6 763
6 833
6 490
6 275
7 778
7 140
7 16
7 40
7 13
7 91
7 43
7 8
7 10
7 51
7 371
7 36
7 152
7 22
7 32
7 49
7 29
7 9
7 70
7 471
7 114
7 123
7 59
7 110
7 33
7 12
7 160
7 26
7 513
7 452
7 343
7 143
7 64
7 24
7 23
7 84
7 30
7 313
7 45
7 27
7 78
7 142
7 14
7 617
7 11
7 224
7 803
7 98
7 21
7 15
7 177
7 236
7 424
7 39
7 17
7 257
7 338
7 80
7 44
7 909
7 318
7 266
7 20
7 34
7 388
7 391
7 66
7 65
7 38
7 426
7 332
7 74
7 109
7 88
8 98
8 436
8 109
8 14
8 26
8 172
8 256
8 18
8 284
8 12
8 401
8 122
8 309
8 30
8 337
8 96
8 171
8 280
8 13
8 937
8 10
8 9
8 40
8 25
8 820
8 11
8 407
8 47
8 851
8 241
8 34
8 35
8 333
8 297
8 111
8 162
8 24
8 27
8 107
8 693
8 293
8 21
8 19
8 31
8 74
8 75
8 85
8 443
8 576
8 987
8 65
8 16
8 146
8 649
8 36
8 361
8 136
8 106
8 197
8 324
8 64
8 57
8 92
8 157
8 762
8 470
8 15
8 79
8 29
8 801
8 100
8 257
8 147
8 43
8 273
8 132
8 48
8 20
8 484
8 191
8 215
8 108
8 327
8 73
8 17
8 112
8 62
8 780
8 88
8 133
8 283
8 99
8 116
8 207
9 69
9 648
9 153
9 155
9 674
9 359
9 209
9 62
9 85
9 609
9 72
9 20
9 14
9 560
9 11
9 495
9 25
9 335
9 252
9 27
9 22
9 501
9 16
9 26
9 90
9 616
9 106
9 696
9 250
9 127
9 748
9 39
9 10
9 152
9 17
9 13
9 472
9 368
9 243
9 356
9 28
9 78
9 76
9 217
9 220
9 18
9 55
9 87
9 111
9 12
9 56
9 15
9 481
9 436
9 33
9 41
9 68
9 178
9 31
9 82
9 338
9 29
9 46
9 297
10 164
10 585
10 121
10 154
10 376
10 892
10 23
10 24
10 198
10 32
10 543
10 542
10 27
10 334
10 772
10 693
10 299
10 718
10 62
10 37
10 40
10 19
10 21
10 113
10 15
10 16
10 66
10 17
10 50
10 178
10 424
10 136
10 18
10 35
10 82
10 34
10 36
10 12
10 33
10 684
10 30
10 42
10 13
10 560
10 115
10 25
10 466
10 87
10 481
10 257
10 51
10 959
10 752
10 933
10 170
10 53
10 492
10 817
10 11
10 150
10 199
10 277
10 14
10 554
11 60
11 13
11 53
11 987
11 375
11 270
11 369
11 19
11 52
11 836
11 16
11 104
11 166
11 167
11 25
11 64
11 636
11 118
11 229
11 27
11 399
11 15
11 995
11 83
11 108
11 12
11 106
11 18
11 149
11 333
11 186
11 259
11 354
11 367
11 50
11 756
11 109
11 368
11 260
11 84
11 97
11 51
11 21
11 29
11 20
11 55
11 443
11 94
11 41
11 49
11 486
11 132
11 91
11 57
11 14
12 25
12 306
12 149
12 624
12 230
12 35
12 413
12 143
12 23
12 305
12 349
12 63
12 31
12 154
12 259
12 104
12 73
12 32
12 16
12 284
12 114
12 85
12 599
12 82
12 229
12 17
12 648
12 225
12 172
12 750
12 855
12 52
12 37
12 213
12 584
12 129
12 14
12 21
12 543
12 15
12 490
12 26
12 935
12 464
12 45
12 48
12 162
12 397
12 47
12 59
12 498
12 68
12 150
12 38
12 83
12 745
12 880
12 27
13 42
13 31
13 86
13 16
13 225
13 130
13 38
13 370
13 14
13 52
13 260
13 74
13 778
13 213
13 15
13 309
13 545
13 17
13 304
13 92
13 40
13 879
13 147
13 50
13 18
13 27
13 140
13 492
13 29
13 35
13 173
13 958
13 20
13 65
13 195
13 486
13 305
13 278
13 36
13 46
13 45
13 28
13 107
13 375
13 160
13 53
13 51
14 69
14 17
14 36
14 67
14 205
14 25
14 52
14 26
14 30
14 28
14 662
14 202
14 289
14 18
14 509
14 137
14 145
14 33
14 513
14 374
14 118
14 246
14 224
14 417
14 252
14 128
14 64
14 47
14 32
14 20
14 100
14 286
14 150
14 265
14 65
14 155
14 625
14 108
14 201
14 185
14 139
14 22
14 142
15 298
15 236
15 86
15 49
15 499
15 161
15 827
15 178
15 35
15 511
15 21
15 25
15 486
15 28
15 389
15 254
15 420
15 270
15 26
15 29
15 47
15 224
15 445
15 20
15 19
15 388
15 980
15 17
15 18
15 220
15 104
15 91
15 930
15 48
15 55
15 31
15 42
15 70
15 61
16 288
16 307
16 69
16 28
16 17
16 515
16 140
16 609
16 493
16 34
16 87
16 58
16 20
16 196
16 79
16 26
16 22
16 74
16 547
16 45
16 67
16 32
16 624
16 41
16 21
16 40
16 174
16 145
16 43
16 24
16 65
17 29
17 32
17 534
17 282
17 21
17 221
17 982
17 106
17 62
17 114
17 45
17 82
17 92
17 18
17 324
17 33
17 283
17 434
17 31
17 367
17 271
17 332
17 940
17 28
17 259
17 24
17 174
17 128
17 252
17 57
17 104
17 37
17 230
17 561
17 119
17 44
18 59
18 636
18 217
18 397
18 52
18 185
18 20
18 919
18 119
18 34
18 32
18 114
18 25
18 57
18 380
18 51
18 763
18 80
18 474
18 40
18 53
18 333
18 261
18 101
19 783
19 177
19 70
19 105
19 27
19 21
19 38
19 80
19 558
19 142
19 239
19 95
19 128
19 28
19 46
19 29
19 26
19 413
19 555
20 21
20 103
20 778
20 44
20 956
20 33
20 144
20 89
20 74
20 105
20 100
20 34
20 28
20 344
20 132
20 101
20 31
20 342
20 133
20 239
20 109
20 22
20 166
20 70
20 194
20 66
20 58
20 25
20 63
20 29
20 549
21 224
21 310
21 176
21 607
21 225
21 172
21 63
21 118
21 329
21 947
21 32
21 23
21 51
21 110
21 73
21 57
21 423
21 99
21 147
22 257
22 114
22 377
22 70
22 202
22 45
22 37
22 212
22 127
22 62
22 157
22 43
22 191
22 559
22 35
22 920
22 65
22 27
22 204
22 119
22 72
22 112
22 196
23 56
23 315
23 229
23 55
23 29
23 46
23 26
23 64
23 702
23 708
23 24
23 252
23 161
23 412
23 958
23 184
24 25
24 72
24 65
24 70
24 34
24 43
24 228
24 856
24 36
24 831
24 184
24 35
24 153
24 151
24 49
24 682
24 420
24 27
24 482
24 30
24 253
24 159
24 33
25 143
25 43
25 132
25 157
25 297
25 176
25 131
25 38
25 74
25 101
25 36
25 310
25 61
25 72
25 546
25 98
25 34
26 162
26 459
26 39
26 46
26 565
26 148
26 650
26 44
26 107
26 157
26 655
26 271
26 50
26 87
26 559
27 69
27 758
27 503
27 238
27 114
27 179
27 490
27 87
27 639
27 182
27 54
27 586
27 33
27 292
27 942
27 353
27 261
28 300
28 190
28 33
28 77
28 988
28 43
28 455
28 130
28 229
28 970
28 70
28 65
29 153
29 40
29 154
29 219
29 50
29 41
29 411
29 853
29 353
29 161
29 123
29 423
29 49
29 247
29 31
30 96
30 104
30 190
30 128
30 277
30 854
30 39
30 435
30 91
30 781
30 202
30 93
30 57
30 177
30 235
31 909
31 261
31 140
31 57
31 477
31 173
31 133
31 419
31 93
31 360
31 176
31 87
31 71
31 138
31 160
31 826
31 72
31 280
31 433
32 41
32 232
32 516
32 132
32 55
32 37
32 87
32 47
32 63
32 95
32 688
33 75
33 270
33 274
33 561
33 48
33 684
33 40
33 36
34 927
34 105
34 150
34 251
34 238
34 106
34 35
34 220
35 171
35 52
35 158
35 754
35 70
35 101
35 564
35 147
35 385
36 515
36 249
36 38
36 52
36 502
36 82
36 335
36 275
36 493
36 394
36 67
36 54
36 171
37 675
37 699
37 124
37 292
37 38
37 72
37 71
37 485
38 49
38 43
38 113
38 435
38 180
38 63
39 41
39 69
39 286
39 68
39 208
39 78
39 61
39 74
39 194
39 186
39 728
39 427
40 63
40 185
40 45
40 72
40 64
40 412
40 241
40 263
41 333
41 101
41 103
41 164
41 72
41 56
41 349
41 134
41 212
41 177
42 303
42 612
42 684
42 65
42 203
42 46
42 256
42 136
42 304
43 589
43 244
43 70
43 46
43 689
43 60
44 51
44 172
44 53
44 281
44 227
44 101
44 93
45 756
45 209
45 629
46 448
46 142
46 896
46 453
46 755
46 360
46 816
46 92
46 380
46 778
47 84
47 83
47 103
47 147
47 55
47 229
47 93
47 162
47 137
47 82
48 277
48 233
48 292
48 91
48 234
49 221
49 299
49 821
49 168
49 833
49 208
49 148
49 129
49 111
49 547
49 181
50 492
50 975
50 78
50 169
50 377
50 126
50 292
50 471
50 508
50 362
51 67
51 136
51 297
51 466
51 181
51 86
52 164
52 910
52 74
52 432
52 657
53 111
53 98
53 182
53 67
53 84
54 105
54 321
55 305
55 130
55 727
55 404
55 263
56 61
56 58
56 156
56 446
56 609
56 81
56 173
56 587
56 75
56 143
56 78
57 305
57 148
57 127
57 190
57 69
57 135
57 107
57 113
58 111
58 327
58 110
58 206
58 147
59 69
59 108
60 191
60 235
60 83
60 209
61 89
61 560
61 109
62 195
62 355
62 87
63 245
63 323
63 74
64 312
64 245
64 938
64 274
64 302
64 106
64 236
65 188
65 75
66 450
66 357
66 266
66 314
67 200
67 251
67 205
67 90
67 626
67 325
67 116
67 427
68 826
68 73
68 252
68 309
69 628
69 109
69 286
69 153
69 595
70 114
70 79
71 91
71 168
71 120
71 288
71 585
72 832
72 120
72 387
72 285
72 91
73 155
73 398
73 480
73 170
73 375
73 378
74 800
74 126
74 125
74 247
75 119
75 108
75 76
75 947
75 156
76 121
76 411
76 87
77 741
78 454
79 98
80 238
80 144
80 305
80 447
81 108
81 101
82 259
82 131
83 251
83 480
83 280
84 573
85 274
86 107
87 202
87 267
87 304
88 774
88 112
88 127
89 666
89 118
89 105
90 406
90 952
90 903
91 199
92 221
92 191
93 230
93 179
93 190
93 185
95 285
96 158
96 772
96 188
96 827
98 331
99 316
100 420
100 153
101 110
102 137
103 947
103 120
104 167
104 332
105 779
105 377
106 213
107 289
107 705
109 499
109 136
109 217
110 119
112 609
114 318
114 812
116 126
117 759
117 198
118 964
118 133
119 255
119 447
120 993
121 135
122 584
124 553
124 201
124 301
125 756
125 147
127 333
130 704
130 299
131 341
132 174
132 665
134 404
136 605
138 175
139 161
140 252
141 238
142 223
143 325
143 241
144 195
146 184
146 163
146 269
147 169
147 202
149 206
150 296
151 190
151 738
152 751
152 431
160 407
161 701
162 237
163 238
166 313
167 323
167 223
167 382
169 890
169 703
170 726
170 267
170 484
171 197
175 724
177 411
177 390
178 209
178 299
179 554
181 306
186 357
195 871
198 755
198 393
200 757
200 888
200 580
203 494
204 494
208 738
208 478
213 246
218 262
221 275
222 553
229 245
232 437
246 535
246 278
246 258
258 955
259 797
262 427
264 554
269 744
269 364
269 305
284 763
285 558
286 372
288 300
290 529
302 821
303 374
306 788
314 905
315 338
320 631
325 836
329 452
333 899
339 379
342 386
345 819
354 552
364 857
369 884
381 450
386 612
406 592
410 605
416 471
417 470
430 518
439 818
451 465
455 525
456 830
462 479
470 477
484 858
489 911
496 518
500 554
506 832
516 862
526 586
527 924
552 604
560 744
561 702
616 989
634 705
647 668
673 837
696 872
709 790
718 856
