1 7
1 4
1 964
1 3
1 18
1 5
1 36
1 591
1 14
1 21
1 473
1 730
1 83
1 484
1 25
1 2
1 12
1 40
1 13
1 17
1 44
1 421
1 121
1 51
1 993
1 93
1 19
1 337
1 257
1 29
1 902
1 204
1 16
1 41
1 292
1 841
1 157
1 61
1 276
1 463
1 911
1 384
1 6
1 55
1 34
1 392
1 15
1 188
1 102
1 37
1 69
1 9
1 56
1 65
1 8
1 504
1 28
1 31
1 462
1 10
1 52
1 302
1 258
1 63
2 27
2 18
2 26
2 549
2 34
2 16
2 139
2 32
2 485
2 92
2 136
2 4
2 43
2 3
2 10
2 19
2 102
2 11
2 106
2 9
2 21
2 235
2 163
2 51
2 425
2 7
2 20
2 73
2 48
2 38
2 28
2 15
2 36
2 95
2 30
2 6
2 281
2 45
2 85
2 105
2 287
2 980
2 100
2 839
2 145
2 343
2 58
2 326
2 904
2 814
2 94
2 276
2 76
2 223
2 39
2 109
2 8
2 560
2 14
2 220
2 5
2 339
2 66
2 199
2 147
2 285
2 64
2 12
2 666
2 730
2 181
2 164
2 103
2 40
2 506
2 167
2 23
2 41
2 461
2 274
2 132
2 879
2 22
2 46
2 81
2 155
2 331
2 13
2 86
2 829
2 60
2 531
2 96
2 17
2 126
2 371
2 113
2 333
2 25
2 79
2 608
2 759
2 923
2 340
2 198
2 187
2 56
2 692
2 259
2 299
2 29
2 226
2 185
2 37
2 65
2 159
2 576
2 193
2 49
2 988
2 87
2 450
2 47
2 115
2 67
2 108
2 283
2 63
2 231
2 88
2 446
2 337
2 228
2 31
2 24
2 239
2 35
2 556
2 362
2 61
2 50
2 286
2 358
2 53
2 320
2 54
2 52
2 979
3 97
3 111
3 194
3 14
3 250
3 4
3 483
3 7
3 22
3 12
3 407
3 175
3 5
3 123
3 10
3 21
3 567
3 8
3 40
3 9
3 392
3 599
3 24
3 20
3 16
3 27
3 289
3 687
3 92
3 6
3 65
3 11
3 37
3 321
3 101
3 33
3 80
3 296
3 19
3 32
3 13
3 209
3 329
3 54
3 88
3 390
3 63
3 549
3 47
3 697
3 139
3 50
3 678
3 371
3 51
3 78
3 34
3 23
3 143
3 26
3 132
3 356
3 42
3 186
3 18
3 452
3 41
3 134
3 15
3 172
3 62
3 100
3 125
3 240
3 67
3 71
3 126
3 38
3 17
3 798
3 268
3 121
3 154
3 415
3 102
3 208
3 647
3 320
3 441
3 352
3 45
3 35
3 84
3 46
3 118
4 5
4 136
4 609
4 498
4 13
4 17
4 549
4 78
4 122
4 14
4 52
4 37
4 646
4 654
4 463
4 11
4 10
4 184
4 7
4 352
4 9
4 274
4 75
4 104
4 215
4 111
4 89
4 438
4 6
4 35
4 40
4 33
4 153
4 611
4 8
4 282
4 272
4 98
4 19
4 120
4 25
4 830
4 23
4 390
4 504
4 109
4 485
4 174
4 653
4 126
4 732
4 15
4 681
4 12
4 16
4 391
4 805
4 28
4 67
4 475
4 679
4 80
4 254
4 31
4 59
4 70
5 210
5 21
5 269
5 6
5 571
5 11
5 698
5 568
5 76
5 44
5 31
5 139
5 158
5 9
5 10
5 63
5 7
5 26
5 136
5 192
5 41
5 636
5 33
5 16
5 18
5 14
5 354
5 259
5 997
5 74
5 141
5 229
5 660
5 19
5 118
5 679
5 101
5 48
5 119
5 70
5 13
5 761
5 195
5 17
5 12
6 42
6 49
6 107
6 71
6 7
6 53
6 69
6 52
6 13
6 10
6 33
6 243
6 116
6 8
6 48
6 612
6 869
6 22
6 25
6 16
6 161
6 247
6 21
6 142
6 14
6 91
6 37
6 24
6 28
6 31
6 340
6 673
6 122
6 46
6 92
6 45
6 78
6 208
6 67
6 20
6 9
7 37
7 34
7 8
7 647
7 60
7 38
7 9
7 161
7 52
7 10
7 11
7 21
7 18
7 27
7 83
7 534
7 111
7 369
7 35
7 143
7 19
7 180
7 89
7 12
7 40
7 899
7 123
7 775
7 148
7 64
7 636
7 76
7 86
7 78
8 191
8 231
8 87
8 60
8 626
8 343
8 111
8 94
8 68
8 303
8 41
8 594
8 11
8 29
8 184
8 384
8 9
8 15
8 767
8 16
8 12
8 664
8 27
8 14
8 447
8 698
8 688
8 260
8 694
9 15
9 126
9 51
9 39
9 107
9 572
9 22
9 130
9 26
9 116
9 196
9 31
9 292
9 676
9 573
9 634
9 29
9 423
9 148
10 12
10 26
10 24
10 66
10 35
10 246
10 39
10 38
10 127
10 59
10 84
10 249
10 100
10 11
10 228
10 17
10 42
10 77
10 826
10 691
10 78
10 31
11 190
11 93
11 35
11 195
11 40
11 38
11 16
11 12
11 18
11 265
11 15
11 122
11 86
11 607
11 23
11 106
11 477
11 79
12 367
12 21
12 15
12 111
12 470
12 246
12 16
12 22
12 126
12 965
12 125
12 14
12 19
12 43
12 13
12 49
12 158
12 75
13 28
13 937
13 22
13 94
13 737
13 16
13 228
13 328
13 458
13 149
13 18
13 49
13 23
14 291
14 17
14 346
14 15
14 35
14 693
14 32
14 426
15 34
15 580
15 86
15 30
15 23
15 31
15 271
15 21
15 49
15 800
15 96
15 418
15 80
15 17
15 515
16 30
16 27
16 17
16 93
16 19
16 250
16 270
16 29
16 236
16 21
16 38
16 85
16 167
17 177
17 96
17 173
17 49
17 20
17 39
17 33
17 202
17 100
17 130
18 75
18 565
18 222
18 24
18 20
18 177
18 105
18 68
19 237
19 25
19 40
19 48
19 475
19 30
19 61
19 167
20 113
20 23
20 48
20 67
20 708
21 22
21 31
21 397
21 469
21 179
21 174
21 40
21 85
21 36
22 172
22 684
22 191
22 113
23 830
23 49
23 286
23 481
23 263
23 129
23 53
23 800
24 146
24 40
24 26
24 458
24 92
24 724
25 67
25 37
25 823
25 64
26 43
26 59
26 35
26 338
26 666
26 207
26 66
27 36
27 34
27 134
27 136
28 139
29 68
29 88
29 50
29 851
29 96
29 191
29 62
30 266
30 48
30 44
30 55
30 810
30 539
31 517
31 32
31 825
32 659
32 860
32 116
32 78
33 92
33 363
33 475
33 547
33 51
33 209
34 309
34 233
34 410
34 601
35 336
35 148
35 155
35 150
35 59
36 98
36 169
37 841
37 40
37 339
37 128
38 939
39 60
40 185
40 932
40 347
41 78
41 669
41 57
42 964
42 46
42 139
42 67
43 238
43 106
43 417
43 88
45 259
45 187
46 248
46 90
47 68
48 967
49 278
49 827
49 326
50 51
50 123
50 145
51 85
52 196
53 110
54 76
54 119
55 560
55 83
55 960
56 667
57 432
59 212
60 260
61 972
61 320
65 101
65 96
66 525
67 300
68 826
70 174
70 943
71 456
71 82
72 442
72 563
73 187
76 681
81 862
82 847
84 376
84 617
85 832
85 930
85 106
86 152
87 502
87 674
88 288
89 194
89 98
90 844
90 106
91 481
92 190
95 295
97 157
97 241
102 260
104 244
108 681
108 568
109 190
118 313
120 303
120 186
128 459
132 319
133 521
137 202
138 593
139 405
143 257
146 310
149 242
154 197
160 185
161 474
182 569
185 565
187 290
199 248
213 444
219 866
223 811
243 265
266 400
270 301
276 578
279 975
299 432
321 509
370 774
375 971
379 976
382 780
390 865
446 851
454 897
456 606
