1 3
1 38
1 2
1 21
1 78
1 17
1 34
1 4
1 106
1 6
1 91
1 83
1 104
1 5
1 53
1 23
1 79
1 635
1 69
1 185
1 354
1 109
1 240
1 8
1 61
1 193
1 355
1 66
1 462
1 964
1 28
1 7
1 874
1 10
1 16
1 232
1 305
1 46
1 18
1 435
1 33
1 15
1 477
1 578
1 14
1 60
1 967
1 212
1 74
1 287
1 77
1 168
1 40
1 502
1 759
1 12
1 9
1 218
1 275
1 29
1 123
1 286
1 55
1 138
1 42
1 11
1 58
1 319
1 128
1 30
1 673
1 41
1 297
1 346
1 20
1 217
1 32
1 49
1 226
1 155
1 329
1 730
1 442
1 798
1 790
1 64
1 151
1 328
1 248
1 97
1 167
1 159
1 148
1 67
1 134
1 126
1 244
1 182
1 449
1 19
1 129
1 76
1 102
1 37
1 990
1 252
1 107
1 975
1 65
1 13
1 288
1 388
1 206
1 24
1 370
1 909
1 243
1 31
1 22
1 52
1 594
1 255
1 536
1 866
1 26
1 332
1 392
1 221
1 25
1 35
1 125
1 95
1 743
1 205
1 44
1 334
1 187
1 161
1 358
1 351
1 574
1 549
1 400
1 463
1 111
1 705
1 235
1 284
1 84
2 4
2 59
2 246
2 422
2 163
2 42
2 95
2 913
2 22
2 15
2 76
2 14
2 383
2 116
2 3
2 7
2 53
2 49
2 5
2 32
2 69
2 34
2 6
2 107
2 55
2 27
2 719
2 632
2 37
2 11
2 18
2 31
2 17
2 8
2 35
2 350
2 9
2 729
2 227
2 131
2 191
2 13
2 54
2 282
2 193
2 207
2 24
2 119
2 121
2 16
2 57
2 443
2 19
2 78
2 269
2 67
2 566
2 161
2 508
2 650
2 451
2 636
2 12
2 125
2 669
2 25
2 23
2 288
2 189
2 38
2 287
2 377
2 36
2 455
2 20
2 792
2 70
2 21
2 26
2 169
2 467
2 48
2 88
2 523
2 408
2 28
2 10
2 40
2 46
2 110
2 243
2 214
2 202
2 652
2 164
2 294
2 264
2 766
2 29
2 65
2 309
2 206
2 440
2 263
2 923
2 50
2 673
2 392
2 142
2 143
2 72
2 154
2 366
2 150
2 146
2 845
2 334
2 43
2 604
2 597
2 83
2 158
2 122
2 118
2 879
2 192
2 778
2 251
2 248
2 129
2 151
2 473
2 60
2 281
2 61
2 199
2 856
2 90
2 87
2 464
2 208
2 453
2 788
2 124
2 99
2 185
2 398
2 179
2 41
2 575
2 452
2 296
2 196
2 113
2 39
2 278
2 165
2 33
2 438
2 280
2 228
2 92
2 231
2 303
2 714
2 797
2 77
2 74
2 229
2 462
2 775
2 47
2 449
2 605
2 100
2 404
2 103
2 101
2 544
2 551
2 731
2 45
2 98
2 85
2 352
2 816
2 237
2 720
2 109
2 413
2 409
2 44
2 30
2 439
2 338
2 622
2 545
2 562
2 80
2 958
2 548
2 168
2 112
2 289
2 126
2 935
2 58
2 741
2 51
2 419
2 295
2 533
2 298
2 147
2 351
2 120
2 94
2 601
2 96
2 75
2 907
2 73
2 127
2 809
2 52
2 723
2 543
2 205
2 585
2 490
2 172
2 578
2 270
2 97
2 82
2 277
2 175
2 260
2 128
2 602
2 218
2 134
2 837
2 117
2 653
2 393
2 102
2 111
2 468
2 273
2 138
2 662
2 329
2 275
2 140
2 921
2 79
2 495
2 406
2 740
2 233
2 188
2 341
2 311
2 183
2 388
2 106
2 910
2 268
2 881
2 454
2 760
2 339
2 364
2 623
2 115
2 668
2 843
2 182
2 867
2 889
2 63
2 428
2 943
2 423
2 136
2 312
2 634
2 670
2 84
2 825
2 332
2 204
2 887
2 320
2 594
3 6
3 98
3 36
3 12
3 414
3 237
3 34
3 61
3 107
3 718
3 8
3 56
3 4
3 26
3 13
3 32
3 20
3 191
3 9
3 7
3 112
3 10
3 55
3 866
3 49
3 199
3 46
3 479
3 118
3 22
3 15
3 114
3 57
3 152
3 269
3 16
3 21
3 58
3 97
3 5
3 40
3 307
3 119
3 143
3 260
3 31
3 351
3 86
3 144
3 540
3 73
3 11
3 542
3 39
3 443
3 27
3 18
3 115
3 215
3 59
3 17
3 838
3 14
3 378
3 25
3 30
3 45
3 614
3 124
3 569
3 79
3 128
3 208
3 738
3 434
3 19
3 96
3 76
3 303
3 148
3 158
3 43
3 89
3 35
3 141
3 28
3 90
3 430
3 312
3 801
3 54
3 503
3 105
3 33
3 84
3 108
3 400
3 217
3 24
3 178
3 52
3 513
3 99
3 989
3 867
3 273
3 120
3 101
3 367
3 29
3 899
3 94
3 88
3 62
3 279
3 323
3 256
3 330
3 42
3 508
3 80
3 91
3 44
3 270
3 71
3 133
3 808
3 153
3 138
3 130
3 85
3 551
3 999
3 458
3 109
3 321
3 272
3 157
3 41
3 708
3 53
3 75
3 81
3 541
3 244
3 420
3 232
3 224
3 214
3 459
3 168
3 150
3 625
3 699
3 484
3 104
3 291
3 534
3 23
3 348
3 878
3 203
3 646
3 299
3 652
3 944
3 95
3 100
3 140
3 160
3 436
3 137
3 693
3 117
3 47
3 241
4 714
4 552
4 107
4 11
4 5
4 44
4 326
4 161
4 55
4 12
4 29
4 152
4 78
4 51
4 6
4 63
4 16
4 84
4 27
4 9
4 46
4 15
4 37
4 21
4 8
4 32
4 35
4 17
4 22
4 14
4 7
4 296
4 947
4 34
4 33
4 28
4 228
4 19
4 47
4 430
4 10
4 26
4 36
4 965
4 392
4 751
4 318
4 119
4 43
4 438
4 24
4 330
4 298
4 13
4 252
4 311
4 57
4 225
4 106
4 921
4 144
4 855
4 67
4 50
4 877
4 20
4 126
4 58
4 69
4 444
4 806
4 264
4 656
4 90
4 42
4 227
4 23
4 72
4 155
4 49
4 109
4 175
4 134
4 53
4 103
4 18
4 39
4 201
4 516
4 66
4 99
4 756
4 258
4 381
4 117
4 41
4 833
4 382
4 151
4 176
4 93
4 92
4 45
4 71
4 168
4 149
4 60
4 139
4 25
4 459
4 650
4 30
4 83
4 505
4 799
4 403
4 632
4 383
4 85
4 136
4 81
4 211
4 648
4 627
4 600
4 341
4 82
4 100
4 898
4 192
4 153
4 737
4 164
4 61
4 281
5 51
5 449
5 14
5 145
5 6
5 15
5 285
5 36
5 24
5 8
5 41
5 406
5 31
5 11
5 706
5 26
5 21
5 288
5 82
5 132
5 29
5 9
5 307
5 12
5 25
5 7
5 75
5 228
5 80
5 20
5 254
5 570
5 27
5 164
5 89
5 934
5 207
5 13
5 48
5 305
5 16
5 46
5 43
5 23
5 139
5 39
5 10
5 112
5 76
5 78
5 220
5 64
5 269
5 18
5 135
5 19
5 55
5 118
5 198
5 284
5 444
5 331
5 17
5 308
5 158
5 566
5 378
5 35
5 109
5 32
5 133
5 57
5 512
5 185
5 384
5 277
5 705
5 152
5 216
5 365
5 50
5 511
5 159
5 544
5 77
5 124
5 209
5 84
5 171
5 34
5 390
5 99
5 95
5 30
5 225
5 97
6 37
6 23
6 61
6 671
6 14
6 135
6 20
6 25
6 112
6 11
6 7
6 811
6 9
6 10
6 258
6 41
6 701
6 248
6 46
6 66
6 308
6 31
6 211
6 27
6 8
6 300
6 40
6 15
6 259
6 283
6 18
6 65
6 130
6 67
6 73
6 21
6 28
6 71
6 43
6 243
6 68
6 106
6 597
6 152
6 120
6 24
6 19
6 139
6 221
6 434
6 389
6 34
6 205
6 579
6 56
6 496
6 340
6 213
6 17
6 52
6 360
6 36
6 70
6 30
6 51
6 86
6 182
6 145
6 176
6 108
6 16
6 150
6 57
6 214
6 333
6 80
6 165
6 13
6 161
6 257
6 33
6 223
6 64
6 128
6 26
6 529
6 12
7 114
7 44
7 63
7 488
7 424
7 821
7 70
7 79
7 172
7 8
7 775
7 76
7 13
7 161
7 643
7 12
7 9
7 23
7 22
7 25
7 17
7 930
7 259
7 54
7 14
7 20
7 78
7 10
7 549
7 176
7 378
7 250
7 72
7 32
7 16
7 837
7 869
7 42
7 28
7 169
7 608
7 82
7 39
7 640
7 15
7 21
7 57
7 300
7 34
7 192
7 838
7 11
7 27
7 627
7 752
7 239
7 52
7 571
7 230
7 604
7 45
7 26
7 101
7 35
7 29
7 844
7 148
7 131
7 221
7 56
7 745
7 265
7 135
7 18
7 453
7 178
8 10
8 691
8 18
8 16
8 41
8 159
8 206
8 136
8 180
8 83
8 100
8 23
8 47
8 933
8 61
8 20
8 60
8 12
8 30
8 15
8 81
8 256
8 43
8 35
8 125
8 433
8 9
8 148
8 49
8 648
8 302
8 25
8 275
8 13
8 230
8 22
8 68
8 37
8 21
8 172
8 97
8 88
8 72
8 56
8 94
8 939
8 74
8 120
8 40
8 196
8 760
8 62
8 45
8 163
8 102
8 141
8 458
8 11
8 17
8 171
8 124
8 14
8 24
8 29
8 26
8 451
8 127
8 33
8 255
8 218
8 402
8 80
8 265
8 118
8 156
9 152
9 22
9 95
9 125
9 945
9 273
9 102
9 110
9 313
9 138
9 193
9 984
9 106
9 34
9 48
9 408
9 79
9 40
9 51
9 13
9 179
9 100
9 21
9 454
9 272
9 26
9 463
9 12
9 367
9 17
9 30
9 37
9 57
9 18
9 205
9 98
9 85
9 216
9 10
9 158
9 28
9 549
9 27
9 36
9 39
9 65
9 20
9 90
9 140
9 892
9 641
9 46
9 25
9 307
9 705
9 825
9 23
9 191
9 78
9 11
9 93
10 17
10 26
10 178
10 346
10 274
10 40
10 12
10 15
10 378
10 21
10 34
10 69
10 182
10 25
10 260
10 131
10 64
10 33
10 70
10 127
10 804
10 47
10 81
10 16
10 19
10 113
10 670
10 805
10 39
10 32
10 176
10 44
10 272
10 46
10 18
10 214
10 63
10 11
10 57
10 55
10 58
10 838
10 37
10 263
11 42
11 34
11 21
11 375
11 14
11 129
11 16
11 685
11 22
11 272
11 613
11 773
11 31
11 12
11 110
11 81
11 56
11 71
11 119
11 74
11 26
11 17
11 62
11 39
11 86
11 194
11 455
11 956
11 920
11 257
11 592
11 30
11 28
11 55
11 20
11 15
11 29
11 187
11 70
11 404
11 75
11 438
11 76
11 174
11 417
11 334
11 264
12 144
12 13
12 386
12 319
12 122
12 30
12 610
12 75
12 242
12 22
12 163
12 55
12 44
12 88
12 47
12 569
12 39
12 77
12 20
12 257
12 19
12 15
12 36
12 23
12 21
12 74
12 701
12 241
12 60
12 73
12 185
12 534
13 33
13 412
13 153
13 36
13 770
13 167
13 41
13 18
13 26
13 507
13 43
13 547
13 27
13 15
13 28
13 502
13 157
13 19
13 159
13 53
13 132
13 82
13 180
13 47
13 60
13 51
13 711
13 38
13 207
13 111
13 73
13 191
13 96
13 16
13 229
13 40
14 196
14 67
14 635
14 728
14 35
14 15
14 617
14 195
14 209
14 28
14 87
14 494
14 18
14 25
14 421
14 16
14 622
14 322
14 26
14 97
14 37
14 132
14 45
14 115
14 30
14 70
14 40
14 82
14 52
14 60
14 17
14 233
14 716
14 54
14 77
14 111
14 31
14 134
14 580
14 90
15 186
15 458
15 228
15 26
15 18
15 72
15 159
15 23
15 92
15 60
15 32
15 16
15 323
15 19
15 80
15 315
15 553
15 264
15 765
15 441
15 168
15 17
15 87
15 152
15 93
15 430
15 46
15 43
15 182
15 133
15 345
15 22
16 95
16 39
16 18
16 941
16 282
16 22
16 52
16 40
16 347
16 38
16 44
16 319
16 66
16 42
16 163
16 24
16 212
16 26
16 73
16 83
16 56
16 381
16 103
16 84
17 21
17 329
17 27
17 31
17 62
17 181
17 142
17 145
17 427
17 173
17 186
17 44
17 52
17 29
17 419
17 174
17 90
17 326
17 57
17 418
17 324
17 260
17 20
17 146
17 127
17 22
17 386
17 486
17 109
18 104
18 88
18 485
18 42
18 266
18 70
18 26
18 358
18 34
18 404
18 27
18 287
18 142
18 54
18 524
18 394
18 262
18 48
18 196
18 375
18 35
18 44
19 108
19 64
19 473
19 53
19 414
19 101
19 346
19 431
19 76
19 44
19 156
19 592
19 39
19 143
19 935
19 272
19 105
19 33
19 298
19 66
20 25
20 29
20 83
20 82
20 120
20 925
20 32
20 68
20 190
20 28
20 219
20 191
20 43
20 227
20 95
20 93
20 153
20 108
20 46
20 199
20 21
20 171
20 31
20 246
20 280
20 47
20 71
21 308
21 998
21 74
21 50
21 100
21 139
21 37
21 112
21 953
21 176
21 912
21 47
21 46
22 39
22 58
22 53
22 533
22 37
22 372
22 222
22 276
22 536
22 47
22 28
22 637
22 419
23 110
23 52
23 127
23 67
23 29
23 178
23 945
23 36
23 502
23 49
23 371
23 83
23 41
23 415
23 31
23 454
23 30
23 139
23 55
24 293
24 653
24 63
24 471
24 34
24 28
24 128
24 144
24 52
24 267
24 255
24 30
24 60
25 34
25 75
25 289
25 71
25 153
25 100
25 68
25 455
25 547
25 79
25 26
25 32
26 42
26 27
26 50
26 37
26 101
26 31
26 65
26 34
26 59
26 782
26 856
26 505
27 139
27 79
27 38
27 510
27 37
27 111
28 687
28 56
28 195
28 38
28 62
28 367
28 498
28 360
28 40
28 154
28 291
28 72
28 71
29 39
29 309
29 327
29 667
29 792
29 32
29 81
29 50
29 172
30 500
30 876
30 53
30 388
30 35
30 586
30 61
30 64
30 49
30 246
30 547
30 231
30 42
31 567
31 44
31 115
31 454
31 557
31 223
31 370
31 102
31 37
31 292
31 273
31 181
31 279
32 808
32 52
32 44
32 200
32 114
32 94
32 75
32 49
32 546
33 65
33 667
33 194
33 594
33 55
33 61
33 899
33 501
33 511
33 121
33 138
34 122
34 56
34 636
34 35
34 63
34 210
34 353
34 343
34 214
34 201
34 44
35 128
35 486
35 39
35 125
35 45
35 85
35 555
35 230
35 71
35 75
35 109
35 544
35 104
36 130
36 365
36 91
36 110
36 419
36 48
36 60
36 981
36 431
37 726
37 62
37 284
37 44
38 80
38 298
38 221
38 101
38 46
39 476
39 47
39 52
39 88
39 65
39 275
40 951
40 848
40 375
40 100
40 334
40 53
40 596
40 142
40 346
40 294
40 64
40 134
41 349
41 201
41 128
41 61
41 90
41 138
41 140
41 711
41 94
42 187
42 451
42 48
42 64
42 132
42 886
43 60
43 467
43 393
43 233
43 826
44 122
44 234
44 394
44 152
44 51
44 87
45 264
45 106
45 491
45 97
45 83
45 74
45 164
45 138
45 417
46 647
46 222
46 134
46 454
46 707
47 158
47 168
47 963
47 64
47 363
47 62
47 652
48 198
48 63
48 260
49 51
49 114
49 85
49 748
49 128
50 62
50 364
50 72
50 299
50 675
50 63
50 78
51 202
51 74
51 54
51 764
52 228
53 58
53 117
53 295
54 331
54 171
54 121
54 426
54 218
54 260
55 880
55 156
55 364
56 75
56 165
56 67
57 114
57 231
57 76
57 130
57 63
58 62
58 162
58 147
59 104
59 416
59 250
59 147
60 81
60 181
60 294
60 494
60 113
60 387
61 69
61 70
61 449
61 72
62 165
62 130
62 919
63 64
63 303
63 90
65 421
65 981
65 152
65 138
65 139
65 178
65 93
65 169
66 88
66 668
66 312
66 785
68 117
69 345
69 885
70 120
70 82
70 221
70 313
70 93
71 803
71 811
71 360
72 522
72 206
72 102
72 222
73 159
73 118
74 411
75 275
76 106
76 170
76 79
76 133
76 381
78 934
78 184
78 196
78 547
78 262
79 126
79 541
79 130
79 227
79 218
80 140
80 155
81 221
82 136
82 483
83 103
83 463
83 195
84 145
85 121
86 279
86 733
87 852
87 287
88 101
89 148
89 158
90 603
90 419
90 415
93 750
94 289
95 117
95 300
96 356
97 121
97 612
97 138
99 102
99 140
100 564
100 297
101 847
102 301
102 818
103 337
104 391
105 192
106 225
106 400
107 342
108 125
110 359
110 535
110 148
112 307
112 211
113 285
113 139
114 253
117 336
117 249
119 425
122 189
124 130
125 793
128 667
132 267
133 353
134 611
134 434
135 215
135 596
135 519
138 257
141 299
141 191
141 593
142 305
142 629
143 421
144 229
147 383
148 695
151 446
153 588
154 438
159 505
159 435
161 437
163 550
163 815
164 165
164 672
165 207
165 773
166 377
168 620
170 288
171 473
172 375
174 713
175 180
175 313
178 264
184 377
186 299
190 196
192 466
192 827
196 219
200 817
203 272
207 578
207 438
210 916
210 448
214 386
216 420
220 569
221 266
222 249
225 374
231 430
235 340
238 598
246 453
249 588
252 620
261 542
261 381
275 431
281 354
283 560
285 291
289 427
290 392
290 970
294 444
299 937
300 415
308 452
315 760
328 691
335 663
336 724
355 561
380 789
385 784
394 402
396 421
401 672
407 859
407 415
413 563
417 586
437 473
445 475
456 884
475 502
501 692
518 664
548 967
584 753
598 883
618 969
679 814
715 876
756 796
780 913
964 994
