1 10000 0 20000
2 10000 0 37992
3 10000 0 55984
4 10000 0 73974
5 10000 9 91955
6 10000 90 109862
7 10000 472 127456
8 10000 1684 144230
9 10000 4415 159467
10 10000 9616 172222
11 10000 9518 172252
12 10000 9434 172340
13 10000 9492 172298
14 10000 9503 172253
15 10000 9460 172294
16 10000 9556 172208
17 10000 9640 172152
18 10000 9566 172196
19 10000 9672 172104
20 10000 9523 172237
21 10000 9536 172226
22 10000 9587 172203
23 10000 9654 172120
24 10000 9730 172012
25 10000 9681 172057
26 10000 9552 172184
27 10000 9578 172194
28 10000 9497 172239
29 10000 9359 172365
30 10000 9343 172393
31 10000 9207 172509
32 10000 9333 172415
33 10000 9359 172403
34 10000 9459 172295
35 10000 9506 172216
36 10000 9448 172302
37 10000 9507 172253
38 10000 9652 172130
39 10000 9632 172144
40 10000 9674 172070
41 10000 9783 171965
42 10000 9733 172037
43 10000 9607 172155
44 10000 9588 172146
45 10000 9559 172183
46 10000 9445 172313
47 10000 9343 172385
48 10000 9339 172403
49 10000 9399 172355
50 10000 9413 172305
51 10000 9522 172202
52 10000 9542 172156
53 10000 9539 172195
54 10000 9736 172008
55 10000 9801 171919
56 10000 9722 171982
57 10000 9830 171922
58 10000 9801 171941
59 10000 9808 171924
60 10000 9758 171980
61 10000 9826 171906
62 10000 9802 171978
63 10000 9727 172033
64 10000 9610 172124
65 10000 9539 172221
66 10000 9616 172180
67 10000 9560 172200
68 10000 9466 172342
69 10000 9419 172355
70 10000 9455 172309
71 10000 9580 172178
72 10000 9647 172091
73 10000 9630 172100
74 10000 9592 172148
75 10000 9649 172081
76 10000 9619 172129
77 10000 9588 172132
78 10000 9544 172198
79 10000 9453 172307
80 10000 9458 172300
81 10000 9354 172384
82 10000 9435 172297
83 10000 9343 172389
84 10000 9365 172405
85 10000 9431 172335
86 10000 9381 172387
87 10000 9356 172420
88 10000 9392 172394
89 10000 9581 172197
90 10000 9538 172228
91 10000 9554 172210
92 10000 9666 172088
93 10000 9534 172188
94 10000 9500 172232
95 10000 9518 172222
96 10000 9547 172207
97 10000 9667 172091
98 10000 9500 172274
99 10000 9479 172287
100 10000 9575 172195
