1 20000 0 0 0
2 17992 0 0 0
3 17992 0 0 0
4 17990 0 0 0
5 17981 0 9 0
6 17907 0 81 0
7 17594 0 382 0
8 16774 0 1212 0
9 15237 0 2731 0
10 12755 0 5201 0
11 10076 18038 7894 0
12 9962 17976 8018 0
13 9867 17958 8107 0
14 9890 18000 8076 0
15 9952 17966 8014 2
16 9842 17938 8126 20
17 9911 17862 8057 78
18 10025 17766 7947 236
19 9909 17521 8057 431
20 10075 17536 7899 454
21 9841 17664 8123 298
22 9915 17694 8067 260
23 9975 17709 7983 265
24 9944 17739 8024 261
25 10074 17670 7878 286
26 10210 17679 7762 295
27 10124 17635 7842 295
28 10145 17706 7817 292
29 10136 17650 7820 318
30 10047 17607 7913 341
31 10043 17672 7913 304
32 9883 17592 8093 352
33 9923 17643 8035 301
34 9818 17714 8160 272
35 9931 17759 8033 237
36 10083 17668 7889 276
37 9997 17690 7975 272
38 9909 17682 8065 270
39 9954 17676 8000 284
40 9852 17704 8112 292
41 9853 17694 8121 276
42 9936 17645 8040 309
43 10004 17652 7966 326
44 9884 17711 8084 285
45 10003 17686 7963 272
46 9966 17665 7998 283
47 10043 17644 7899 328
48 9964 17666 7996 280
49 9968 17627 7994 323
50 9906 17673 8040 309
51 9955 17671 8017 295
52 10013 17744 7953 248
53 10061 17678 7895 242
54 9932 17684 8038 276
55 9973 17716 8007 288
56 10036 17693 7928 287
57 9958 17633 8014 291
58 9985 17674 7989 310
59 9942 17648 8030 334
60 9933 17630 8037 334
61 9891 17676 8083 304
62 9974 17569 7994 351
63 9989 17719 7985 275
64 10054 17645 7912 347
65 10038 17635 7938 315
66 9896 17629 8078 309
67 9884 17692 8086 314
68 9925 17602 8057 332
69 9815 17708 8155 296
70 9831 17676 8135 300
71 9827 17692 8145 286
72 9937 17694 8015 278
73 10035 17687 7925 281
74 9970 17696 7994 258
75 9965 17692 7997 280
76 9987 17686 7983 266
77 9989 17717 7981 281
78 10027 17640 7937 302
79 10025 17611 7949 345
80 9936 17631 8038 345
81 9871 17667 8093 317
82 9850 17668 8110 298
83 9985 17699 7983 269
84 10012 17646 7960 288
85 9941 17671 8021 295
86 9973 17681 7999 289
87 9997 17686 7979 282
88 9887 17644 8083 316
89 9785 17709 8173 257
90 9994 17694 7970 282
91 9913 17656 8059 318
92 9903 17684 8057 286
93 9988 17699 7972 293
94 10077 17698 7903 272
95 9919 17650 8049 310
96 10002 17691 7972 269
97 10025 17689 7951 283
98 10178 17591 7796 367
99 9991 17649 7979 329
100 9958 17694 8002 262
