1 10000 0 150000
2 10000 0 284810
3 10000 0 419446
4 10000 0 553874
5 10000 0 688140
6 10000 0 822164
7 10000 0 956088
8 10000 2 1089776
9 10000 221 1223073
10 10000 5918 1350772
11 10000 5943 1350081
12 10000 5946 1350100
13 10000 5817 1350229
14 10000 5808 1350186
15 10000 5899 1350049
16 10000 6012 1350014
17 10000 6139 1349863
18 10000 6310 1349736
19 10000 6244 1349870
20 10000 6294 1349830
21 10000 6196 1350018
22 10000 6250 1349856
23 10000 6140 1350174
24 10000 6218 1349948
25 10000 6187 1349871
26 10000 6288 1349782
27 10000 6048 1349976
28 10000 6277 1349761
29 10000 6163 1349827
30 10000 6098 1349970
31 10000 6107 1350105
32 10000 5957 1350157
33 10000 6007 1350149
34 10000 5994 1350202
35 10000 6075 1349963
36 10000 6104 1350102
37 10000 6333 1349825
38 10000 5958 1350120
39 10000 6002 1350098
40 10000 5904 1350186
41 10000 6264 1349812
42 10000 6172 1349798
43 10000 6228 1349642
44 10000 6073 1349867
45 10000 6158 1349746
46 10000 6109 1349785
47 10000 6147 1349661
48 10000 6428 1349440
49 10000 6611 1349317
50 10000 6630 1349256
51 10000 6542 1349368
52 10000 6255 1349719
53 10000 6193 1349891
54 10000 6111 1349941
55 10000 6029 1350111
56 10000 5905 1350199
57 10000 6058 1350134
58 10000 6301 1349813
59 10000 6169 1349977
60 10000 6284 1349710
61 10000 6259 1349691
62 10000 6220 1349754
63 10000 6282 1349708
64 10000 6332 1349590
65 10000 6418 1349472
66 10000 6344 1349674
67 10000 6420 1349676
68 10000 6333 1349817
69 10000 6650 1349576
70 10000 6541 1349627
71 10000 6469 1349759
72 10000 6284 1349768
73 10000 6283 1349885
74 10000 6342 1349948
75 10000 6414 1349752
76 10000 6414 1349722
77 10000 6510 1349494
78 10000 6357 1349735
79 10000 6423 1349617
80 10000 6468 1349474
81 10000 6251 1349587
82 10000 6263 1349857
83 10000 6225 1349839
84 10000 6055 1350011
85 10000 6204 1349918
86 10000 6328 1349780
87 10000 6342 1349758
88 10000 6349 1349701
89 10000 6431 1349623
90 10000 6332 1349764
91 10000 6375 1349541
92 10000 6631 1349325
93 10000 6580 1349336
94 10000 6282 1349520
95 10000 6158 1349780
96 10000 6235 1349687
97 10000 6056 1349946
98 10000 5975 1349979
99 10000 6026 1349816
100 10000 5882 1350202
