1 150000 0 0 0
2 134810 0 0 0
3 134636 0 0 0
4 134428 0 0 0
5 134266 0 0 0
6 134024 0 0 0
7 133924 0 0 0
8 133688 0 2 0
9 133297 0 219 0
10 127699 0 5697 0
11 96013 133856 37177 0
12 96026 133156 37152 0
13 96282 133212 36930 0
14 96132 133244 37060 0
15 96145 133264 37073 0
16 95916 133128 37290 0
17 95707 133144 37413 0
18 95863 133246 37427 0
19 96107 133066 37035 8
20 96599 133052 36595 132
21 96540 133043 36646 53
22 96207 133181 36941 75
23 96533 132946 36697 76
24 96396 133323 36848 69
25 96326 133197 36824 61
26 96886 133167 36344 51
27 96776 133108 36336 50
28 96531 133160 36691 48
29 96524 133148 36630 54
30 96703 133056 36489 58
31 96626 133014 36608 76
32 96700 133164 36426 60
33 96513 133163 36753 61
34 96610 133037 36536 69
35 96584 133228 36546 60
36 96381 132959 36813 67
37 96300 133090 36808 66
38 96531 133264 36695 42
39 96251 133033 36855 51
40 96588 133186 36622 34
41 96381 133080 36759 74
42 96406 133152 36704 64
43 96706 133098 36370 78
44 96706 133087 36518 67
45 96098 133140 37058 52
46 96204 133090 36932 56
47 95922 133192 37254 70
48 95781 133056 37391 56
49 96640 133108 36572 44
50 96460 133133 36690 59
51 96553 133085 36617 61
52 96659 133045 36533 83
53 96325 133040 36899 74
54 96370 133145 36820 77
55 96644 133074 36564 46
56 96542 133147 36632 63
57 96379 133064 36847 74
58 96425 133189 36755 69
59 96551 133110 36671 80
60 96248 133198 36856 58
61 96546 133124 36584 50
62 96600 133035 36544 85
63 96626 133096 36560 74
64 96611 133102 36499 76
65 96566 133160 36624 62
66 96567 132987 36653 105
67 96726 133064 36486 70
68 96424 133144 36872 98
69 96066 132975 37052 67
70 96179 133136 36981 82
71 96447 133039 36721 69
72 96479 133231 36641 65
73 96465 133073 36789 65
74 96145 132963 37027 87
75 96420 133273 36814 85
76 96243 133057 36875 91
77 96109 133178 37027 90
78 96938 133026 36286 110
79 96429 133153 36747 75
80 96359 133185 36823 95
81 96244 133162 36918 104
82 96299 132950 37015 82
83 96161 133120 36955 52
84 96390 133114 36800 74
85 96322 133034 36838 70
86 96232 133150 36964 60
87 96317 133104 36827 48
88 96295 133179 36907 73
89 96346 133128 36860 74
90 96281 133136 36981 84
91 95737 133248 37415 84
92 96103 133090 37081 54
93 96524 133161 36660 63
94 96492 133157 36620 69
95 96436 132994 36768 74
96 96171 133143 37031 75
97 96499 133025 36681 75
98 96105 133079 36991 65
99 96090 133246 37108 64
100 96147 132885 37051 71
