1 10000 0 150000
2 10000 0 254882
3 10000 0 359660
4 10000 0 464326
5 10000 0 568950
6 10000 0 673408
7 10000 0 777612
8 10000 0 881836
9 10000 0 986008
10 10000 1 1090085
11 10000 0 1083950
12 10000 3 1083477
13 10000 0 1083298
14 10000 0 1083412
15 10000 2 1083442
16 10000 0 1083580
17 10000 0 1083538
18 10000 0 1083320
19 10000 0 1083536
20 10000 8 1083374
21 10000 0 1083572
22 10000 0 1083534
23 10000 0 1083572
24 10000 0 1083292
25 10000 0 1083588
26 10000 3 1083357
27 10000 0 1083552
28 10000 0 1083652
29 10000 2 1083426
30 10000 0 1083406
31 10000 3 1083181
32 10000 2 1083302
33 10000 3 1083341
34 10000 2 1083312
35 10000 0 1083530
36 10000 3 1083357
37 10000 0 1083230
38 10000 0 1083374
39 10000 0 1083378
40 10000 2 1083144
41 10000 0 1083380
42 10000 0 1083226
43 10000 0 1083514
44 10000 0 1083568
45 10000 0 1083484
46 10000 1 1083383
47 10000 0 1083574
48 10000 1 1083387
49 10000 0 1083378
50 10000 0 1083478
51 10000 0 1083398
52 10000 4 1083334
53 10000 0 1083504
54 10000 4 1083320
55 10000 2 1083452
56 10000 0 1083378
57 10000 1 1083443
58 10000 3 1083487
59 10000 0 1083296
60 10000 3 1083233
61 10000 7 1083201
62 10000 8 1083308
63 10000 8 1083100
64 10000 9 1083143
65 10000 11 1083257
66 10000 8 1083352
67 10000 9 1083267
68 10000 2 1083214
69 10000 0 1083318
70 10000 0 1083196
71 10000 0 1083246
72 10000 0 1083374
73 10000 0 1083330
74 10000 0 1083636
75 10000 0 1083668
76 10000 0 1083642
77 10000 0 1083658
78 10000 4 1083678
79 10000 0 1083694
80 10000 0 1083704
81 10000 1 1083707
82 10000 0 1083906
83 10000 15 1083755
84 10000 17 1083563
85 10000 8 1083602
86 10000 11 1083369
87 10000 22 1083214
88 10000 8 1083328
89 10000 4 1083124
90 10000 9 1083207
91 10000 9 1083291
92 10000 10 1083264
93 10000 1 1083467
94 10000 0 1083278
95 10000 2 1083450
96 10000 0 1083514
97 10000 0 1083492
98 10000 0 1083346
99 10000 0 1083276
100 10000 3 1083523
