1 150000 0 0 0
2 104882 0 0 0
3 104778 0 0 0
4 104666 0 0 0
5 104624 0 0 0
6 104458 0 0 0
7 104204 0 0 0
8 104224 0 0 0
9 104172 0 0 0
10 104077 0 1 0
11 103688 109930 106 0
12 103756 104356 130 0
13 103713 104008 113 0
14 103874 103872 112 0
15 103716 103806 122 0
16 103839 103782 79 0
17 103823 103956 91 0
18 103748 104042 76 0
19 103930 103778 64 0
20 103845 104090 91 0
21 103792 103682 80 0
22 103834 103960 88 0
23 103796 103834 76 0
24 103765 104132 87 0
25 103900 103698 94 0
26 103865 104198 105 0
27 103752 103660 100 0
28 103795 103790 95 0
29 103727 104062 111 0
30 103729 103910 159 0
31 103757 104100 121 0
32 103823 103792 89 0
33 103778 103814 76 0
34 103837 103964 97 0
35 103776 103668 108 0
36 103741 104024 113 0
37 103767 104000 103 0
38 103782 103728 90 0
39 103866 103956 94 0
40 103680 104024 112 0
41 103836 103694 92 0
42 103892 104110 64 0
43 103921 103700 67 0
44 103883 103882 53 0
45 103802 103990 104 0
46 103793 103992 99 0
47 103753 103680 117 0
48 103748 104058 124 0
49 103801 103900 89 0
50 103851 103828 77 0
51 103829 103996 87 0
52 103803 103962 99 0
53 103756 103696 106 0
54 103760 104030 90 0
55 103848 103790 72 0
56 103868 104000 56 0
57 103825 103866 107 0
58 103823 103890 113 0
59 103664 103974 116 0
60 103713 103884 111 0
61 103783 103934 123 0
62 103856 103866 118 0
63 103659 104008 141 0
64 103718 103788 114 0
65 103729 103768 155 0
66 103758 103784 118 0
67 103770 103950 96 0
68 103739 103908 109 0
69 103857 103850 95 0
70 103660 103880 98 0
71 103908 103910 52 0
72 103855 103796 69 0
73 103778 103880 58 0
74 103927 103696 75 0
75 103916 103956 72 0
76 103858 103940 56 0
77 103853 103910 73 0
78 103820 103882 86 0
79 103921 103982 73 0
80 103851 103930 89 0
81 103896 103986 94 0
82 103834 103730 94 0
83 103781 104012 95 0
84 103698 104004 116 0
85 103739 103820 111 0
86 103777 104110 103 0
87 103726 104002 132 0
88 103760 103766 106 0
89 103850 104152 94 0
90 103804 103782 66 0
91 103797 103796 83 0
92 103684 103808 98 0
93 103788 103684 90 0
94 103823 104116 103 0
95 103805 103698 67 0
96 103821 103832 73 0
97 103841 103926 63 0
98 103747 103946 53 0
99 103834 103988 84 0
100 103895 103724 79 0
