1 10000 0 80000
2 10000 0 151946
3 10000 0 223858
4 10000 0 295694
5 10000 0 367484
6 10000 0 439272
7 10000 2 510960
8 10000 72 582518
9 10000 1380 652792
10 10000 9283 716401
11 10000 9517 715753
12 10000 9310 715904
13 10000 9221 716049
14 10000 9158 716124
15 10000 9045 716317
16 10000 9173 716139
17 10000 9124 716196
18 10000 9276 716042
19 10000 9222 716128
20 10000 9113 716185
21 10000 9204 716074
22 10000 9262 715978
23 10000 9095 716149
24 10000 8994 716324
25 10000 9202 716142
26 10000 9023 716281
27 10000 9067 716243
28 10000 9089 716243
29 10000 9055 716245
30 10000 8921 716377
31 10000 9044 716314
32 10000 8922 716498
33 10000 8945 716329
34 10000 9199 716137
35 10000 9134 716126
36 10000 9094 716158
37 10000 8931 716213
38 10000 9321 715891
39 10000 9287 715913
40 10000 9066 716074
41 10000 9187 715983
42 10000 9342 715854
43 10000 9334 715922
44 10000 9223 716053
45 10000 8993 716233
46 10000 9044 716214
47 10000 9028 716244
48 10000 9159 716179
49 10000 9137 716253
50 10000 9075 716327
51 10000 8920 716392
52 10000 8931 716369
53 10000 8959 716261
54 10000 9252 716012
55 10000 9164 716112
56 10000 9139 716165
57 10000 9056 716220
58 10000 8731 716485
59 10000 8785 716477
60 10000 8613 716723
61 10000 8696 716604
62 10000 8702 716620
63 10000 8745 716577
64 10000 8897 716457
65 10000 8957 716385
66 10000 9084 716246
67 10000 9157 716145
68 10000 9287 716063
69 10000 9564 715736
70 10000 9304 715922
71 10000 9249 715953
72 10000 9229 715937
73 10000 9365 715779
74 10000 9140 715926
75 10000 9146 715886
76 10000 8999 716147
77 10000 9158 716092
78 10000 8814 716448
79 10000 8751 716497
80 10000 8923 716353
81 10000 8958 716296
82 10000 9008 716308
83 10000 9379 715987
84 10000 9464 715860
85 10000 9284 715920
86 10000 9309 715939
87 10000 9362 715914
88 10000 9370 715840
89 10000 9447 715811
90 10000 9477 715779
91 10000 9513 715769
92 10000 9376 715942
93 10000 9285 715993
94 10000 9085 716237
95 10000 9059 716217
96 10000 9166 716088
97 10000 9122 716156
98 10000 9038 716188
99 10000 9093 716217
100 10000 9213 716031
