1 80000 0 0 0
2 71946 0 0 0
3 71912 0 0 0
4 71836 0 0 0
5 71790 0 0 0
6 71788 0 0 0
7 71688 0 2 0
8 71558 0 70 0
9 70274 0 1308 0
10 63609 0 7903 0
11 46642 71864 24808 0
12 46894 71506 24556 0
13 46888 71432 24600 0
14 46706 71480 24786 0
15 46721 71424 24783 0
16 46772 71564 24742 0
17 46665 71454 24797 0
18 46553 71477 24931 9
19 46829 71362 24683 118
20 46797 71118 24615 346
21 46875 71338 24627 184
22 46894 71318 24572 186
23 46837 71315 24655 173
24 46885 71284 24639 166
25 46451 71298 25019 146
26 47098 71385 24400 153
27 46871 71339 24647 173
28 46939 71335 24611 193
29 46827 71348 24621 132
30 46773 71344 24745 176
31 46635 71271 24839 143
32 46926 71242 24544 166
33 46596 71515 24908 135
34 46928 71258 24550 158
35 46962 71367 24474 145
36 47081 71334 24409 164
37 47037 71438 24425 132
38 46891 71321 24649 151
39 46845 71239 24579 197
40 47051 71313 24389 187
41 46901 71318 24595 148
42 46776 71361 24746 135
43 46971 71335 24571 147
44 46687 71335 24835 167
45 46830 71392 24654 142
46 47041 71337 24441 113
47 47009 71340 24509 164
48 46903 71215 24567 189
49 46964 71266 24536 182
50 47270 71256 24184 186
51 46986 71324 24482 234
52 46904 71326 24598 188
53 46867 71376 24591 162
54 46797 71328 24711 136
55 46920 71305 24546 149
56 46947 71275 24539 183
57 46899 71380 24587 134
58 46862 71309 24572 185
59 46862 71298 24656 174
60 46824 71313 24728 165
61 46507 71347 24961 157
62 46865 71323 24645 165
63 46701 71294 24755 162
64 46647 71321 24873 167
65 46633 71341 24837 141
66 46728 71367 24756 129
67 46679 71401 24821 127
68 46731 71336 24791 138
69 46692 71406 24790 126
70 47004 71384 24458 152
71 46991 71294 24437 158
72 46775 71268 24669 212
73 46938 71353 24530 137
74 47041 71287 24363 195
75 46907 71294 24519 166
76 47070 71197 24464 223
77 46896 71288 24646 150
78 47295 71235 24147 195
79 47258 71316 24242 198
80 46876 71295 24620 173
81 46733 71302 24703 156
82 46911 71291 24589 147
83 46673 71276 24807 154
84 46687 71348 24787 168
85 46594 71426 24858 146
86 46728 71318 24814 180
87 46542 71268 24912 158
88 46693 71390 24785 154
89 46688 71268 24822 194
90 46618 71291 24882 211
91 46947 71276 24559 204
92 47062 71265 24416 177
93 47210 71317 24252 185
94 47018 71234 24458 198
95 46869 71306 24579 188
96 46911 71316 24563 180
97 46791 71288 24697 176
98 46727 71335 24745 189
99 46854 71260 24658 168
100 46534 71313 24910 197
