1 10000 0 10000
2 10000 0 18000
3 10000 2 25998
4 10000 19 33979
5 10000 74 41924
6 10000 208 49790
7 10000 591 57407
8 10000 1370 64616
9 10000 2689 71291
10 10000 4760 77218
11 10000 4718 77098
12 10000 4716 77066
13 10000 4709 77065
14 10000 4697 77061
15 10000 4711 77055
16 10000 4670 77086
17 10000 4689 77111
18 10000 4710 77078
19 10000 4702 77090
20 10000 4777 77013
21 10000 4835 76941
22 10000 4792 77010
23 10000 4744 77030
24 10000 4731 76991
25 10000 4740 77050
26 10000 4717 77037
27 10000 4781 77039
28 10000 4724 77066
29 10000 4668 77140
30 10000 4703 77101
31 10000 4689 77097
32 10000 4753 77043
33 10000 4730 77072
34 10000 4734 77058
35 10000 4790 76968
36 10000 4754 77030
37 10000 4781 77017
38 10000 4791 77001
39 10000 4737 77053
40 10000 4756 77024
41 10000 4682 77106
42 10000 4666 77110
43 10000 4671 77135
44 10000 4674 77102
45 10000 4751 77015
46 10000 4693 77067
47 10000 4763 77003
48 10000 4787 77005
49 10000 4758 77042
50 10000 4735 77047
51 10000 4741 77047
52 10000 4796 76980
53 10000 4726 77064
54 10000 4789 77001
55 10000 4806 76936
56 10000 4814 76952
57 10000 4844 76962
58 10000 4897 76903
59 10000 4951 76835
60 10000 4918 76836
61 10000 4898 76856
62 10000 4965 76821
63 10000 4984 76782
64 10000 4918 76846
65 10000 4950 76836
66 10000 4916 76860
67 10000 4806 76954
68 10000 4836 76982
69 10000 4715 77047
70 10000 4769 77009
71 10000 4766 77000
72 10000 4686 77072
73 10000 4699 77061
74 10000 4701 77075
75 10000 4751 77015
76 10000 4717 77069
77 10000 4730 77046
78 10000 4733 77033
79 10000 4699 77087
80 10000 4608 77182
81 10000 4652 77138
82 10000 4594 77158
83 10000 4602 77188
84 10000 4546 77226
85 10000 4586 77176
86 10000 4661 77109
87 10000 4627 77117
88 10000 4561 77211
89 10000 4717 77057
90 10000 4728 77046
91 10000 4745 77023
92 10000 4797 76963
93 10000 4831 76941
94 10000 4765 77013
95 10000 4787 76987
96 10000 4696 77094
97 10000 4681 77119
98 10000 4776 77012
99 10000 4780 77004
100 10000 4849 76949
