1 10000 0 0 0
2 8000 0 0 0
3 7998 0 2 0
4 7981 0 17 0
5 7945 0 55 0
6 7866 0 134 0
7 7617 0 383 0
8 7209 0 779 0
9 6675 0 1319 0
10 5927 0 2071 0
11 5179 8158 2817 0
12 5165 8032 2833 0
13 5171 7997 2819 1
14 5119 8008 2879 6
15 5141 7973 2851 11
16 5166 7982 2830 24
17 5099 7885 2897 67
18 5157 7903 2835 101
19 5204 7854 2792 138
20 5152 7867 2842 129
21 5139 7887 2853 119
22 5197 7824 2799 146
23 5159 7888 2831 130
24 5117 7921 2875 123
25 5185 7796 2815 136
26 5114 7914 2880 116
27 5107 7791 2887 137
28 5110 7905 2886 121
29 5125 7846 2871 132
30 5106 7869 2890 131
31 5153 7881 2841 131
32 5094 7881 2902 105
33 5105 7884 2889 104
34 5086 7891 2908 113
35 5076 7928 2924 106
36 5191 7835 2803 133
37 5156 7880 2842 104
38 5123 7874 2869 124
39 5225 7880 2769 116
40 5209 7866 2783 136
41 5192 7869 2804 119
42 5188 7879 2802 123
43 5159 7833 2839 135
44 5153 7872 2839 150
45 5085 7863 2905 137
46 5238 7883 2754 115
47 5118 7869 2878 121
48 5087 7836 2901 126
49 5138 7886 2854 98
50 5212 7893 2778 115
51 5194 7860 2796 124
52 5138 7892 2854 112
53 5118 7833 2880 151
54 5059 7863 2929 125
55 5112 7912 2882 130
56 5137 7853 2855 115
57 5106 7835 2892 123
58 5003 7898 2997 108
59 5086 7887 2908 121
60 5088 7899 2904 125
61 5091 7865 2897 123
62 5082 7847 2916 119
63 5106 7880 2886 132
64 5146 7885 2852 115
65 5074 7837 2918 133
66 5120 7879 2878 129
67 5231 7858 2759 148
68 5180 7801 2812 133
69 5233 7922 2761 128
70 5053 7841 2943 139
71 5127 7877 2867 129
72 5188 7859 2802 139
73 5150 7880 2846 114
74 5134 7839 2860 139
75 5126 7894 2870 112
76 5190 7837 2800 133
77 5146 7888 2848 116
78 5123 7882 2871 122
79 5205 7862 2791 114
80 5240 7859 2752 129
81 5121 7840 2871 152
82 5138 7934 2858 100
83 5202 7820 2792 136
84 5143 7883 2843 121
85 5151 7895 2839 105
86 5094 7873 2898 111
87 5123 7899 2871 121
88 5174 7853 2820 113
89 5095 7899 2901 95
90 5150 7895 2848 103
91 5076 7867 2916 131
92 5082 7874 2910 126
93 5115 7879 2883 107
94 5220 7876 2776 114
95 5173 7875 2811 113
96 5228 7856 2768 124
97 5164 7867 2836 123
98 5062 7887 2930 117
99 5130 7886 2864 112
100 5098 7853 2898 129
