1 100 0 200
2 100 0 398
3 100 5 587
4 100 20 758
5 100 83 871
6 100 89 869
7 100 92 868
8 100 100 862
9 100 96 864
10 100 109 841
11 100 106 852
12 100 108 854
13 100 108 854
14 100 108 862
15 100 118 846
16 100 102 858
17 100 102 864
18 100 94 876
19 100 86 882
20 100 32 782
21 100 12 666
22 100 6 512
23 100 7 341
24 100 8 166
25 100 6 162
26 100 4 142
27 100 5 149
28 100 11 159
29 100 7 159
30 100 6 162
31 100 4 160
32 100 10 154
33 100 9 149
34 100 14 156
35 100 10 160
36 100 9 163
37 100 10 172
38 100 13 177
39 100 6 170
40 100 11 335
41 100 14 500
42 100 14 640
43 100 50 764
44 100 109 865
45 100 111 855
46 100 110 854
47 100 102 860
48 100 87 869
49 100 82 878
50 100 83 867
51 100 85 867
52 100 98 862
53 100 114 854
54 100 105 849
55 100 103 849
56 100 91 857
57 100 79 871
58 100 24 754
59 100 8 606
60 100 6 458
61 100 3 291
62 100 1 115
63 100 4 132
64 100 7 133
65 100 8 134
66 100 5 131
67 100 12 142
68 100 12 144
69 100 9 147
70 100 11 143
71 100 10 146
72 100 6 140
73 100 8 132
74 100 6 138
75 100 6 138
76 100 5 137
77 100 8 138
78 100 11 301
79 100 9 473
80 100 18 624
81 100 45 767
82 100 95 877
83 100 101 871
84 100 115 857
85 100 118 854
86 100 116 854
87 100 106 856
88 100 101 867
89 100 95 863
90 100 94 866
91 100 99 875
92 100 88 868
93 100 88 866
94 100 84 876
95 100 99 853
96 100 113 839
97 100 115 853
98 100 115 859
99 100 105 863
100 100 91 869
