1 200 0 0 0
2 198 0 0 0
3 189 0 5 0
4 171 0 15 0
5 113 0 63 0
6 79 178 103 0
7 71 180 111 0
8 71 180 111 0
9 80 176 98 4
10 59 178 121 12
11 69 169 117 9
12 71 178 117 6
13 75 172 105 8
14 86 177 108 9
15 62 170 116 14
16 89 171 89 11
17 75 169 113 13
18 85 170 99 10
19 79 172 101 10
20 21 180 17 12
21 29 186 21 0
22 16 188 12 0
23 21 198 7 0
24 20 199 6 1
25 18 32 8 0
26 17 48 9 0
27 27 28 9 0
28 29 26 13 0
29 18 28 6 0
30 17 21 9 3
31 16 28 8 0
32 25 38 13 0
33 19 29 5 1
34 25 24 11 0
35 17 23 7 1
36 21 30 11 0
37 29 34 15 0
38 22 28 14 0
39 14 38 10 0
40 184 24 10 0
41 189 32 11 0
42 174 48 14 0
43 147 33 47 1
44 115 28 73 0
45 65 187 115 1
46 78 182 104 2
47 80 181 102 3
48 72 170 106 14
49 75 176 113 8
50 71 172 101 10
51 78 169 100 7
52 68 168 112 4
53 75 176 113 4
54 73 180 103 10
55 78 169 98 9
56 82 174 92 4
57 83 160 91 12
58 2 174 4 4
59 22 190 4 0
60 32 188 6 0
61 23 194 1 0
62 16 198 4 0
63 21 6 5 0
64 17 20 7 0
65 24 34 12 0
66 16 30 8 0
67 24 21 16 1
68 16 24 10 0
69 17 21 5 1
70 15 28 11 0
71 21 25 7 1
72 20 41 12 1
73 18 34 10 0
74 22 21 4 1
75 18 22 4 0
76 16 28 10 0
77 22 28 10 0
78 182 28 12 0
79 188 26 8 0
80 164 23 22 3
81 150 23 44 1
82 119 30 73 2
83 63 184 121 0
84 68 183 116 1
85 77 186 111 2
86 67 176 115 8
87 84 172 94 14
88 77 169 109 11
89 68 171 108 15
90 72 174 110 6
91 72 163 114 9
92 67 181 107 11
93 73 181 111 5
94 82 175 102 3
95 68 177 110 9
96 67 173 111 5
97 81 167 107 5
98 74 171 112 9
99 68 169 108 13
100 78 175 94 5
