1 10000 0 10000
2 10000 0 15998
3 10000 0 21998
4 10000 3 27991
5 10000 10 33984
6 10000 63 39929
7 10000 147 45845
8 10000 324 51668
9 10000 651 57339
10 10000 1215 62767
11 10000 1096 62190
12 10000 1047 62119
13 10000 1084 62056
14 10000 1069 62129
15 10000 1139 62073
16 10000 1143 62047
17 10000 1133 62019
18 10000 1210 62004
19 10000 1180 62018
20 10000 1158 62062
21 10000 1104 62108
22 10000 1114 62106
23 10000 1066 62084
24 10000 1133 62043
25 10000 1142 62036
26 10000 1120 62074
27 10000 1121 62055
28 10000 1101 62039
29 10000 1104 62102
30 10000 1122 62114
31 10000 1114 62086
32 10000 1062 62148
33 10000 1074 62058
34 10000 1104 62088
35 10000 1058 62136
36 10000 1110 62082
37 10000 1151 62033
38 10000 1126 62028
39 10000 1102 62070
40 10000 1125 62049
41 10000 1109 62079
42 10000 1083 62053
43 10000 1028 62152
44 10000 1008 62188
45 10000 1021 62193
46 10000 1042 62114
47 10000 1020 62120
48 10000 1068 62114
49 10000 1005 62157
50 10000 1027 62177
51 10000 968 62194
52 10000 1040 62134
53 10000 996 62184
54 10000 1022 62188
55 10000 987 62211
56 10000 991 62167
57 10000 1040 62172
58 10000 1025 62181
59 10000 990 62168
60 10000 966 62218
61 10000 930 62264
62 10000 963 62159
63 10000 1031 62191
64 10000 1048 62116
65 10000 1072 62070
66 10000 1074 62122
67 10000 1077 62115
68 10000 1050 62112
69 10000 1088 62100
70 10000 1095 62079
71 10000 1164 62032
72 10000 1159 62079
73 10000 1098 62130
74 10000 1096 62088
75 10000 1109 62071
76 10000 1080 62046
77 10000 1015 62111
78 10000 1004 62204
79 10000 1014 62120
80 10000 1028 62204
81 10000 1044 62200
82 10000 1051 62121
83 10000 1074 62080
84 10000 1097 62063
85 10000 1083 62085
86 10000 1058 62146
87 10000 1052 62112
88 10000 1017 62135
89 10000 985 62193
90 10000 941 62291
91 10000 936 62220
92 10000 995 62231
93 10000 1072 62094
94 10000 1030 62164
95 10000 1055 62133
96 10000 1084 62138
97 10000 1080 62062
98 10000 1050 62120
99 10000 979 62201
100 10000 1008 62220
