1 10000 0 0 0
2 5998 0 0 0
3 6000 0 0 0
4 5993 0 3 0
5 5993 0 7 0
6 5945 0 53 0
7 5916 0 84 0
8 5823 0 177 0
9 5671 0 327 0
10 5428 0 564 0
11 5134 6696 866 0
12 5204 6118 794 0
13 5181 6026 819 0
14 5192 5937 804 1
15 5166 5976 828 4
16 5214 6016 782 2
17 5181 6028 815 6
18 5108 5923 888 11
19 5218 5991 782 25
20 5187 5956 813 22
21 5207 5989 789 15
22 5130 5969 864 17
23 5185 6057 813 11
24 5140 5945 844 13
25 5199 5984 795 8
26 5196 5972 800 8
27 5164 6006 834 10
28 5134 6022 866 14
29 5148 5922 850 10
30 5181 5962 817 6
31 5144 6027 854 7
32 5246 5974 748 10
33 5141 6059 851 11
34 5140 5927 860 13
35 5159 5982 833 8
36 5131 5994 865 4
37 5149 5993 845 9
38 5157 6018 839 8
39 5207 5974 793 8
40 5198 5986 798 8
41 5183 5977 817 9
42 5198 6032 794 12
43 5223 5936 773 16
44 5229 5970 765 8
45 5227 5975 773 7
46 5189 6047 807 7
47 5180 5992 808 12
48 5185 5947 811 7
49 5249 6008 747 8
50 5189 5945 811 13
51 5240 6028 754 8
52 5184 5970 812 14
53 5250 5988 750 6
54 5204 5953 792 13
55 5210 5995 788 15
56 5216 6032 782 6
57 5213 5929 775 5
58 5222 5995 774 7
59 5207 6030 787 12
60 5233 5958 761 10
61 5240 5982 760 8
62 5211 6061 789 11
63 5196 5887 798 7
64 5185 6050 813 6
65 5151 6014 849 8
66 5206 5932 790 10
67 5184 5986 812 14
68 5177 6015 819 11
69 5194 5959 800 9
70 5159 6008 839 4
71 5140 5964 856 10
72 5176 5947 818 5
73 5217 5995 777 9
74 5207 6030 791 12
75 5211 5982 789 22
76 5179 6036 813 10
77 5237 5983 757 11
78 5209 5901 787 13
79 5191 6059 805 11
80 5204 5881 790 15
81 5199 5973 795 9
82 5176 6066 822 4
83 5187 6005 811 11
84 5164 5986 836 8
85 5164 5976 834 14
86 5226 5943 766 13
87 5245 6033 753 5
88 5212 5990 782 16
89 5225 5957 767 9
90 5264 5929 734 15
91 5243 6060 749 8
92 5231 5916 769 14
93 5167 6043 825 9
94 5215 5954 783 16
95 5192 5995 806 9
96 5217 5949 779 13
97 5201 6058 789 12
98 5201 5960 795 8
99 5280 5977 718 11
100 5238 5946 762 6
