582 1
582 12
582 2
582 8
1 5
1 86
1 6
1 23
1 22
1 3
1 26
1 57
1 172
1 229
1 630
1 914
1 488
1 156
1 585
1 703
1 745
1 298
1 735
1 495
1 854
1 893
1 786
1 213
1 85
1 171
1 930
1 311
1 308
1 309
1 306
1 627
1 259
1 273
1 821
1 855
1 415
1 565
1 410
1 166
1 702
1 752
1 869
1 829
1 290
1 788
1 291
1 357
1 345
1 202
1 418
1 349
1 878
1 282
1 405
1 599
1 724
1 867
1 177
1 101
1 634
1 505
1 378
1 237
1 406
1 543
1 727
1 493
1 503
1 584
1 645
1 956
1 562
1 210
1 663
1 367
1 972
1 468
1 810
1 360
1 153
1 637
1 871
1 907
1 365
1 411
1 865
1 934
1 371
1 342
1 139
1 641
1 383
1 476
1 239
1 946
1 640
1 419
1 935
1 312
1 379
1 200
1 486
1 198
1 179
1 466
1 324
1 776
1 130
1 877
1 201
1 532
1 219
1 356
1 801
1 303
1 659
1 564
1 928
1 390
1 295
1 165
1 465
1 341
1 164
1 251
1 672
1 789
1 382
1 80
1 301
1 162
1 587
1 731
1 742
1 299
1 427
1 646
1 310
1 300
1 814
1 176
1 249
1 344
1 118
1 347
1 223
1 267
1 314
1 746
1 135
1 513
1 915
1 207
1 511
1 713
1 739
1 583
1 455
1 413
1 343
1 149
1 606
1 555
1 642
1 738
1 169
1 699
1 386
1 570
1 145
1 542
1 274
1 605
1 700
1 117
1 639
1 242
1 918
1 374
1 924
1 572
1 597
1 806
1 281
1 368
1 666
1 197
1 719
1 432
1 100
1 407
1 706
1 823
1 444
1 768
1 81
1 498
1 675
1 799
1 227
1 369
1 216
1 142
1 261
1 241
1 847
1 270
1 433
1 864
1 521
1 965
1 395
1 194
1 381
1 491
1 906
1 720
1 98
1 220
1 362
1 144
1 238
1 250
1 307
1 173
1 214
1 409
1 280
1 632
1 464
1 54
1 191
1 664
1 485
1 256
1 211
1 75
1 115
1 448
1 359
1 127
1 385
1 136
1 170
1 112
1 224
1 688
1 163
1 412
1 558
1 603
1 843
1 39
1 48
1 45
1 62
1 304
1 797
1 886
1 885
1 600
1 704
1 423
1 178
1 122
1 554
1 105
1 140
1 467
1 520
1 923
1 43
1 968
1 825
1 336
1 146
1 350
1 158
1 174
1 137
1 236
1 203
1 71
1 150
1 420
1 481
1 510
1 96
1 525
1 424
1 323
1 186
1 73
1 50
1 147
1 94
1 231
1 289
1 614
1 152
1 68
1 124
1 479
1 113
1 189
1 99
1 175
1 264
1 489
1 230
1 59
1 89
1 425
1 70
1 92
1 90
1 116
1 222
1 235
1 111
1 574
1 161
1 205
1 743
1 95
1 125
1 35
1 221
1 24
1 388
1 288
1 107
1 76
1 129
1 182
1 244
1 126
1 67
1 148
1 159
1 167
1 97
1 328
1 329
1 155
1 226
1 49
1 217
1 346
1 673
1 30
1 128
1 58
1 42
1 286
1 123
1 275
1 759
1 168
1 77
1 287
1 212
1 60
1 33
1 435
1 46
1 305
1 232
1 66
1 355
1 193
1 109
1 354
1 79
1 53
1 104
1 91
1 106
1 78
1 38
1 258
1 302
1 52
1 31
1 56
1 69
1 37
1 102
1 15
1 34
1 276
1 292
1 41
1 204
1 29
1 93
1 51
1 121
1 40
1 484
1 83
1 473
1 36
1 248
1 454
1 64
1 157
1 47
1 131
1 63
1 114
1 268
1 110
1 269
1 44
1 119
1 88
1 61
1 55
1 482
1 72
1 7
1 13
1 10
1 154
1 87
1 82
1 32
1 21
1 17
1 74
1 803
1 18
1 181
1 120
1 103
1 84
1 134
1 27
1 442
1 9
1 65
1 28
1 151
1 108
1 25
1 14
1 19
1 11
1 20
1 132
1 16
1 271
1 4
12 143
12 437
12 461
12 692
12 860
12 940
12 180
12 351
12 635
12 932
12 160
12 576
12 695
12 372
12 880
12 397
12 490
12 750
12 225
12 648
12 284
12 624
12 188
12 436
12 449
12 751
12 277
12 643
12 400
12 781
12 500
12 348
12 398
12 889
12 141
12 196
12 980
12 891
12 848
12 471
12 830
12 809
12 462
12 260
12 352
2 240
2 785
2 902
2 949
2 252
2 931
2 979
2 682
2 592
2 749
2 697
2 609
2 970
2 712
2 905
2 807
2 313
2 977
2 764
2 477
2 255
2 901
2 612
2 631
2 994
2 615
2 370
2 732
2 497
2 247
2 483
2 633
2 463
2 770
2 728
2 861
2 798
2 820
2 716
2 626
2 524
2 734
2 496
2 791
2 620
2 903
2 898
2 894
2 537
2 840
2 552
2 996
2 689
2 737
2 353
2 581
2 184
2 363
2 262
2 824
2 579
2 832
2 504
2 499
2 863
2 494
2 817
2 711
2 758
2 335
2 681
2 947
2 694
2 613
2 522
2 563
2 492
2 808
2 517
2 546
2 649
2 945
2 708
2 783
2 416
2 586
2 330
2 683
2 528
2 736
2 862
2 936
2 529
2 401
2 828
2 773
2 315
2 942
2 744
2 501
2 387
2 690
2 253
2 874
2 474
2 538
2 316
2 963
2 674
2 853
2 272
2 715
2 502
2 595
2 981
2 800
2 590
2 322
2 361
2 771
2 657
2 384
2 559
2 876
2 527
2 705
2 569
2 317
2 733
2 514
2 667
2 430
2 459
2 279
2 721
2 616
2 478
2 795
2 321
2 539
2 851
2 394
2 812
2 685
2 456
2 796
2 908
2 722
2 445
2 380
2 414
2 265
2 761
2 460
2 540
2 892
2 402
2 518
2 571
2 802
2 475
2 589
2 245
2 441
2 470
2 190
2 607
2 215
2 373
2 257
2 327
2 391
2 656
2 133
2 983
2 519
2 507
2 195
2 319
2 868
2 234
2 661
2 804
2 961
2 431
2 588
2 763
2 687
2 297
2 911
2 887
2 332
2 670
2 943
2 428
2 668
2 364
2 760
2 183
2 233
2 740
2 921
2 138
2 653
2 218
2 723
2 533
2 958
2 816
2 551
2 544
2 775
2 714
2 438
2 278
2 296
2 452
2 575
2 453
2 208
2 778
2 192
2 334
2 366
2 392
2 263
2 440
2 206
2 766
2 294
2 243
2 408
2 523
2 792
2 636
2 451
2 650
2 508
2 566
2 246
2 320
2 556
2 228
2 283
2 185
2 187
2 340
2 333
2 531
2 331
2 506
2 730
2 339
2 560
2 326
2 549
2 679
2 457
2 671
2 622
2 487
2 655
2 293
2 318
2 199
2 813
2 578
2 376
2 446
2 669
2 777
2 580
2 684
8 338
8 680
8 375
8 422
8 754
8 617
8 780
8 762
8 987
8 443
8 337
8 209
8 515
8 937
8 693
5 516
5 1000
5 950
5 757
5 429
5 325
5 403
5 993
5 469
5 929
5 873
5 836
5 696
5 925
5 774
5 835
5 389
5 849
5 573
5 998
5 541
5 850
5 815
5 591
5 545
5 421
5 608
5 647
5 951
5 984
6 377
6 618
6 838
6 725
6 755
6 784
6 439
6 954
6 741
6 973
6 833
6 941
6 890
6 601
6 897
6 266
6 866
6 895
6 393
6 623
6 872
6 726
6 884
6 899
6 530
6 842
6 753
6 535
6 997
6 718
6 698
6 660
6 548
6 534
6 619
23 625
23 883
23 962
22 417
22 986
22 919
22 920
22 982
22 550
3 909
3 621
3 819
3 831
3 662
3 769
3 922
3 988
3 598
3 955
3 927
3 857
3 610
3 916
3 509
3 707
3 767
3 790
3 701
3 568
3 665
3 557
3 904
3 793
3 396
3 959
3 472
3 933
3 912
3 818
3 888
3 426
3 794
3 285
3 834
3 358
3 399
3 856
3 676
3 875
3 594
3 254
3 879
3 547
3 644
3 852
3 628
3 458
3 434
3 604
3 974
26 939
26 844
57 967
57 596
85 651
311 990
702 561
702 976
291 957
101 710
493 782
219 822
165 779
80 447
300 841
118 964
145 677
864 858
381 450
98 846
220 526
238 960
115 638
170 989
163 404
163 512
412 747
558 536
48 845
45 629
45 756
96 805
96 827
96 772
186 999
73 480
50 975
94 870
68 826
124 553
70 966
90 952
111 787
35 658
35 717
221 992
217 944
673 837
30 748
30 577
42 839
33 709
46 896
52 910
15 729
15 593
34 765
83 652
36 654
64 938
7 611
13 900
10 985
32 882
17 602
103 881
103 686
27 995
25 691
14 917
11 969
20 678
4 859
4 811
4 567
764 953
335 978
