1 10000 0 50000
2 10000 0 99974
3 10000 0 149924
4 10000 0 199842
5 10000 0 249722
6 10000 3 299581
7 10000 142 349302
8 10000 1757 397537
9 10000 9045 440031
10 10000 27593 471259
11 10000 27425 471487
12 10000 27405 471497
13 10000 27529 471301
14 10000 27642 471208
15 10000 27603 471287
16 10000 27590 471268
17 10000 27622 471224
18 10000 27565 471307
19 10000 27396 471484
20 10000 27511 471385
21 10000 27597 471319
22 10000 27420 471462
23 10000 27313 471587
24 10000 27158 471712
25 10000 27058 471808
26 10000 27018 471834
27 10000 27065 471793
28 10000 27263 471627
29 10000 27245 471637
30 10000 27265 471603
31 10000 27472 471404
32 10000 27468 471390
33 10000 27326 471554
34 10000 27147 471749
35 10000 27091 471859
36 10000 26919 472019
37 10000 27030 471866
38 10000 27285 471581
39 10000 27159 471693
40 10000 27381 471473
41 10000 27392 471462
42 10000 27287 471587
43 10000 27427 471423
44 10000 27530 471334
45 10000 27476 471396
46 10000 27492 471338
47 10000 27527 471297
48 10000 27708 471084
49 10000 27602 471220
50 10000 27377 471473
51 10000 27434 471440
52 10000 27609 471335
53 10000 27511 471391
54 10000 27622 471296
55 10000 27875 471021
56 10000 27802 471072
57 10000 27744 471092
58 10000 27715 471129
59 10000 27412 471410
60 10000 27522 471376
61 10000 27711 471185
62 10000 27729 471137
63 10000 27791 471087
64 10000 27916 471008
65 10000 27813 471051
66 10000 27840 471042
67 10000 27629 471295
68 10000 27528 471422
69 10000 27454 471500
70 10000 27381 471547
71 10000 27196 471698
72 10000 27255 471671
73 10000 27129 471787
74 10000 27201 471725
75 10000 27555 471325
76 10000 27749 471127
77 10000 27714 471144
78 10000 27949 470897
79 10000 27501 471299
80 10000 27371 471431
81 10000 27381 471401
82 10000 27429 471343
83 10000 27730 471064
84 10000 27645 471151
85 10000 27483 471367
86 10000 27419 471425
87 10000 27485 471323
88 10000 27456 471430
89 10000 27563 471333
90 10000 27814 471066
91 10000 27442 471456
92 10000 27463 471421
93 10000 27326 471586
94 10000 27382 471528
95 10000 27377 471479
96 10000 27374 471516
97 10000 27349 471551
98 10000 27475 471437
99 10000 27574 471312
100 10000 27731 471145
