1 50000 0 0 0
2 49974 0 0 0
3 49950 0 0 0
4 49918 0 0 0
5 49880 0 0 0
6 49859 0 3 0
7 49721 0 139 0
8 48235 0 1615 0
9 42494 0 7288 0
10 31228 0 18548 0
11 17718 49722 32064 0
12 17584 49748 32154 0
13 17600 49796 32124 0
14 17563 49722 32179 0
15 17587 49712 32165 0
16 17735 49761 31997 3
17 17653 49696 32095 64
18 17588 49177 32180 565
19 17683 47713 32061 2023
20 17669 47090 32109 2672
21 17667 48922 32101 826
22 17857 48695 31881 1077
23 17968 48744 31798 1004
24 17872 48674 31876 1104
25 17714 48752 32042 1008
26 17778 48665 31948 1075
27 17625 48576 32117 1160
28 17733 48492 32049 1258
29 17833 48374 31891 1358
30 17823 48488 31947 1296
31 17896 48571 31852 1169
32 17937 48601 31823 1177
33 17965 48573 31793 1163
34 17785 48546 31969 1192
35 17761 48574 32011 1144
36 17634 48478 32120 1288
37 17513 48498 32217 1274
38 17520 48468 32198 1280
39 17689 48559 32043 1187
40 17567 48587 32195 1173
41 17833 48595 31935 1173
42 17831 48653 31931 1089
43 17607 48607 32127 1151
44 17691 48561 32051 1167
45 17792 48552 31924 1156
46 17837 48581 31855 1153
47 17730 48474 31994 1256
48 17633 48526 32131 1270
49 17720 48498 32070 1262
50 17655 48514 32109 1222
51 17523 48508 32241 1232
52 17421 48637 32369 1083
53 17494 48485 32248 1299
54 17491 48508 32253 1220
55 17429 48470 32283 1264
56 17840 48633 31906 1135
57 17588 48511 32138 1253
58 17702 48468 32030 1256
59 17851 48533 31885 1225
60 17543 48517 32247 1197
61 17629 48564 32125 1192
62 17783 48483 31953 1283
63 17831 48470 31945 1294
64 17912 48507 31894 1253
65 17899 48546 31829 1242
66 17781 48548 31955 1170
67 17858 48429 31904 1291
68 17778 48627 32004 1129
69 17803 48392 31947 1354
70 17840 48421 31900 1345
71 17639 48634 32109 1148
72 17634 48504 32154 1252
73 17645 48458 32127 1324
74 17676 48606 32076 1136
75 17624 48773 32098 995
76 17816 48605 31912 1127
77 17895 48615 31841 1139
78 17872 48510 31878 1252
79 17987 48494 31743 1282
80 17677 48496 32059 1238
81 17428 48570 32324 1202
82 17639 48443 32061 1267
83 17577 48508 32181 1228
84 17613 48421 32095 1285
85 17843 48485 31949 1253
86 17593 48519 32153 1233
87 17599 48614 32131 1152
88 17831 48558 31973 1168
89 17625 48502 32085 1198
90 17632 48591 32102 1159
91 17959 48575 31831 1197
92 17758 48522 32012 1262
93 17794 48478 31948 1236
94 17678 48618 32098 1160
95 17740 48569 31978 1203
96 17784 48483 32006 1273
97 17686 48514 32072 1234
98 17674 48551 32078 1189
99 17462 48561 32288 1215
100 17603 48582 32159 1190
