1 10000 0 50000
2 10000 0 74994
3 10000 0 99984
4 10000 0 124954
5 10000 0 149930
6 10000 0 174904
7 10000 0 199860
8 10000 0 224816
9 10000 0 249774
10 10000 1 274721
11 10000 0 269310
12 10000 0 268428
13 10000 0 268250
14 10000 0 268210
15 10000 0 268180
16 10000 0 268272
17 10000 0 268418
18 10000 0 268382
19 10000 0 268238
20 10000 2 268254
21 10000 0 268014
22 10000 0 268124
23 10000 0 268274
24 10000 0 268224
25 10000 0 268070
26 10000 0 268236
27 10000 1 268117
28 10000 0 268142
29 10000 0 268194
30 10000 0 268210
31 10000 0 268386
32 10000 0 268240
33 10000 0 268392
34 10000 0 268278
35 10000 1 268359
36 10000 1 268345
37 10000 0 268208
38 10000 0 268276
39 10000 0 268304
40 10000 0 268306
41 10000 0 268204
42 10000 0 268298
43 10000 0 268274
44 10000 0 268206
45 10000 0 268230
46 10000 0 268290
47 10000 0 268394
48 10000 0 268236
49 10000 0 268170
50 10000 0 268150
51 10000 2 268208
52 10000 3 268207
53 10000 7 268251
54 10000 1 268283
55 10000 0 268130
56 10000 0 268314
57 10000 0 268184
58 10000 0 268238
59 10000 0 268240
60 10000 2 268264
61 10000 0 268314
62 10000 0 268278
63 10000 4 268286
64 10000 4 268114
65 10000 3 268279
66 10000 2 268172
67 10000 4 268156
68 10000 0 268264
69 10000 2 268228
70 10000 4 268296
71 10000 2 268216
72 10000 0 268210
73 10000 2 268286
74 10000 0 268176
75 10000 0 268156
76 10000 0 268140
77 10000 0 268136
78 10000 0 268272
79 10000 0 268336
80 10000 3 268125
81 10000 0 268214
82 10000 0 268312
83 10000 0 268174
84 10000 0 268362
85 10000 0 268308
86 10000 0 268146
87 10000 0 268236
88 10000 0 268194
89 10000 0 268374
90 10000 0 268258
91 10000 0 268158
92 10000 2 268202
93 10000 0 268082
94 10000 1 268243
95 10000 0 268204
96 10000 0 268094
97 10000 0 268024
98 10000 0 268158
99 10000 0 268236
100 10000 0 268166
