1 50000 0 0 0
2 24994 0 0 0
3 24990 0 0 0
4 24970 0 0 0
5 24976 0 0 0
6 24974 0 0 0
7 24956 0 0 0
8 24956 0 0 0
9 24958 0 0 0
10 24947 0 1 0
11 24942 30362 8 0
12 24940 25822 0 0
13 24944 25122 0 0
14 24944 24984 0 0
15 24942 24980 8 0
16 24928 24838 2 0
17 24944 24798 0 0
18 24938 24974 0 0
19 24915 25060 1 0
20 24925 24912 5 0
21 24941 25186 3 0
22 24920 24816 6 0
23 24923 24778 5 0
24 24960 25010 0 0
25 24926 25084 4 0
26 24938 24776 4 0
27 24936 25060 6 0
28 24916 24896 4 0
29 24942 24894 4 0
30 24952 24936 0 0
31 24920 24746 2 0
32 24943 25092 3 0
33 24944 24794 2 0
34 24950 25064 0 0
35 24922 24842 2 0
36 24930 24946 2 0
37 24947 25086 1 0
38 24944 24876 0 0
39 24932 24908 4 0
40 24931 24930 1 0
41 24943 25046 1 0
42 24946 24854 2 0
43 24914 24938 0 0
44 24958 25026 0 0
45 24933 24910 1 0
46 24940 24880 0 0
47 24944 24840 0 0
48 24934 25094 2 0
49 24933 25000 1 0
50 24927 24952 5 0
51 24950 24894 4 0
52 24944 24956 12 0
53 24902 24870 16 0
54 24927 24912 11 0
55 24933 25096 9 0
56 24936 24752 0 0
57 24933 25064 1 0
58 24953 24900 1 0
59 24948 24946 0 0
60 24952 24930 4 0
61 24937 24894 5 0
62 24943 24986 7 0
63 24914 24918 16 0
64 24890 25078 16 0
65 24940 24784 8 0
66 24927 25052 17 0
67 24916 24938 8 0
68 24914 24818 8 0
69 24935 24974 5 0
70 24931 24868 7 0
71 24932 25022 8 0
72 24929 24940 3 0
73 24922 24852 8 0
74 24931 25046 3 0
75 24917 24944 7 0
76 24922 24938 0 0
77 24934 24940 2 0
78 24952 24820 4 0
79 24934 24870 0 0
80 24944 25156 4 0
81 24943 24858 1 0
82 24940 24846 4 0
83 24928 25068 2 0
84 24939 24752 1 0
85 24939 24994 1 0
86 24908 25070 0 0
87 24934 24844 0 0
88 24938 24982 2 0
89 24930 24752 2 0
90 24919 25036 1 0
91 24928 25030 2 0
92 24935 24894 5 0
93 24914 25042 6 0
94 24951 24794 5 0
95 24927 24970 3 0
96 24922 25032 0 0
97 24943 25014 1 0
98 24912 24780 2 0
99 24931 24854 1 0
100 24925 24996 1 0
