1 11
1 27
1 17
1 5
1 153
1 59
1 8
1 3
1 51
1 906
1 360
1 14
1 9
1 77
1 16
1 810
1 2
1 32
1 19
1 468
1 10
1 4
1 972
1 22
1 42
1 25
1 217
1 117
1 20
1 13
1 38
1 435
1 73
1 329
1 7
1 122
1 6
1 367
1 108
1 30
1 15
1 109
1 105
1 34
1 570
1 663
1 48
1 210
1 562
1 149
1 12
1 23
1 66
1 174
1 347
1 95
1 956
1 203
1 230
1 216
1 79
1 645
1 88
1 201
1 36
1 424
1 103
1 28
1 154
1 21
1 584
1 18
1 419
1 915
2 9
2 37
2 62
2 6
2 3
2 7
2 531
2 34
2 297
2 75
2 4
2 49
2 156
2 798
2 14
2 810
2 32
2 259
2 36
2 40
2 330
2 30
2 64
2 33
2 861
2 41
2 111
2 12
2 243
2 261
2 5
2 241
2 48
2 378
2 184
2 8
2 59
2 50
2 162
2 113
2 25
2 19
2 206
2 424
2 22
2 29
2 347
2 10
2 371
2 31
2 18
2 100
2 90
2 72
2 363
2 24
2 42
2 145
2 728
2 74
2 770
2 182
2 335
2 13
2 158
2 155
2 107
2 91
2 328
2 235
2 808
2 23
2 141
2 28
2 35
2 463
2 95
2 71
2 633
2 390
2 194
2 177
2 80
2 11
2 483
2 87
2 248
2 63
2 257
2 199
2 103
2 101
2 364
2 26
2 147
2 191
2 212
2 16
2 67
2 727
2 245
2 247
2 724
2 83
2 61
2 86
2 15
2 110
2 106
2 94
2 51
2 256
2 215
2 332
2 20
2 497
2 514
2 732
2 159
2 52
2 236
2 207
2 892
2 77
2 125
2 21
2 244
2 79
2 43
2 27
2 519
2 222
2 479
2 76
2 640
2 369
2 17
2 65
2 324
2 653
2 92
2 441
2 616
2 139
2 284
2 136
2 132
2 293
2 143
2 217
2 140
2 300
2 179
2 813
2 129
2 150
2 329
2 381
2 171
2 216
2 134
2 412
2 491
2 637
2 843
2 921
2 551
2 307
2 69
2 349
3 20
3 6
3 7
3 36
3 66
3 53
3 21
3 14
3 10
3 15
3 804
3 57
3 25
3 4
3 668
3 122
3 73
3 9
3 99
3 16
3 38
3 5
3 333
3 234
3 612
3 551
3 175
3 387
3 23
3 68
3 11
3 18
3 22
3 107
3 19
3 118
3 262
3 111
3 24
3 160
3 182
3 218
3 221
3 367
3 140
3 43
3 8
3 433
3 70
3 159
3 998
3 302
3 12
3 51
3 90
3 35
3 47
3 474
3 40
3 98
3 17
3 86
3 37
3 13
3 95
3 295
3 347
3 108
3 578
3 241
3 34
3 292
3 280
3 411
3 270
3 410
3 45
3 96
3 420
3 31
3 83
3 633
3 50
3 930
3 33
3 55
3 762
3 203
3 824
3 144
3 78
3 129
3 39
3 155
3 29
3 585
3 974
3 30
3 123
3 27
3 818
3 377
3 255
3 64
3 371
3 88
4 283
4 5
4 95
4 6
4 286
4 43
4 7
4 87
4 24
4 44
4 10
4 28
4 35
4 22
4 785
4 323
4 8
4 476
4 18
4 55
4 39
4 46
4 604
4 11
4 62
4 32
4 30
4 9
4 20
4 309
4 315
4 13
4 12
4 19
4 122
4 243
4 150
4 987
4 17
4 64
4 48
4 250
4 25
4 182
4 52
4 155
4 471
4 26
4 115
4 99
4 68
4 97
4 131
4 96
4 27
4 219
4 296
4 420
4 106
4 82
4 15
4 16
4 390
4 67
4 406
4 165
5 296
5 19
5 101
5 259
5 309
5 6
5 90
5 147
5 430
5 14
5 13
5 20
5 104
5 24
5 16
5 29
5 8
5 41
5 234
5 75
5 113
5 469
5 10
5 31
5 546
5 168
5 54
5 67
5 228
5 11
5 50
5 64
5 523
5 386
5 7
5 23
5 165
5 28
5 128
5 657
5 58
5 83
5 140
5 68
5 9
5 66
5 213
5 12
5 33
5 34
5 17
5 335
5 759
5 705
6 7
6 973
6 110
6 14
6 12
6 136
6 30
6 8
6 181
6 186
6 27
6 9
6 13
6 45
6 18
6 53
6 107
6 42
6 255
6 741
6 663
6 23
6 16
6 105
6 47
6 217
6 119
6 46
6 182
6 37
6 71
6 762
6 81
6 114
7 10
7 34
7 68
7 53
7 42
7 55
7 574
7 186
7 885
7 473
7 16
7 11
7 208
7 23
7 312
7 151
7 18
7 56
7 22
7 13
7 12
7 305
7 47
7 61
7 8
7 45
7 82
7 9
7 139
7 386
8 16
8 215
8 617
8 40
8 51
8 12
8 18
8 22
8 10
8 77
8 11
8 333
8 9
8 62
8 423
8 14
8 90
8 30
8 289
8 200
8 79
8 74
8 159
8 49
9 99
9 209
9 615
9 47
9 17
9 98
9 657
9 158
9 23
9 24
9 331
9 737
9 29
9 37
9 43
9 46
9 596
9 645
9 11
9 115
9 13
9 121
9 72
9 35
10 131
10 128
10 11
10 26
10 553
10 315
10 22
10 61
10 932
10 28
10 30
10 208
10 18
10 363
10 15
10 416
10 41
10 451
10 144
10 12
10 68
10 17
10 484
10 232
11 69
11 95
11 12
11 54
11 160
11 102
11 467
11 93
11 36
11 13
11 52
11 24
11 18
11 305
11 45
11 19
11 64
11 236
11 885
11 464
11 61
11 157
11 200
12 372
12 17
12 28
12 520
12 29
12 51
12 18
12 21
12 127
12 695
12 14
12 30
12 221
12 576
12 16
12 309
12 63
12 745
13 215
13 265
13 346
13 20
13 14
13 91
13 39
13 24
13 43
13 263
13 173
13 70
13 54
13 51
13 820
14 22
14 18
14 90
14 72
14 74
14 125
14 44
14 25
14 227
14 71
14 581
14 112
14 56
14 45
14 57
14 34
14 20
14 172
15 497
15 114
15 384
15 153
15 206
15 17
15 131
15 20
15 80
16 21
16 45
16 186
16 90
16 37
16 420
16 36
16 254
17 42
17 300
17 722
17 51
17 170
17 21
17 73
17 979
18 228
18 108
18 125
18 226
18 194
18 31
18 74
18 423
18 96
18 56
18 101
19 40
19 60
19 45
19 52
19 22
19 197
19 42
19 57
19 226
19 78
20 43
20 482
20 41
20 60
20 176
20 113
20 23
20 120
21 840
21 66
21 37
21 441
21 28
21 284
21 40
21 77
21 219
21 23
22 525
22 70
22 38
22 54
22 117
22 919
22 127
22 52
22 353
22 44
23 118
23 68
23 109
23 34
23 104
23 165
23 132
23 786
23 62
23 79
23 692
23 72
23 432
24 421
24 28
24 67
24 119
24 179
24 308
25 53
25 44
25 129
26 31
27 297
27 48
27 29
27 134
27 137
27 299
28 597
28 265
28 29
28 43
28 231
28 413
28 113
28 482
28 349
28 66
29 761
29 143
29 266
30 208
30 123
30 275
30 41
31 150
31 70
31 923
32 271
32 154
32 131
32 372
33 137
33 488
33 770
33 204
33 41
34 89
34 45
34 433
34 90
35 66
35 787
35 111
35 90
35 75
36 372
36 168
36 409
36 63
36 286
36 94
36 155
36 75
37 262
37 50
37 156
37 513
37 53
38 851
38 165
39 61
39 72
39 105
39 68
41 200
41 898
41 402
41 249
42 378
42 95
42 50
44 300
44 139
45 123
45 915
45 317
46 496
46 109
48 845
48 112
48 620
48 221
49 730
50 358
51 232
51 670
52 202
53 98
56 798
57 218
58 259
59 146
59 858
60 331
61 615
61 411
62 63
62 520
64 124
66 539
66 139
68 113
71 549
72 94
72 133
73 91
74 597
74 188
75 643
75 90
76 77
76 89
76 83
77 293
79 113
79 145
79 218
80 426
84 120
85 651
85 166
85 197
87 129
88 99
89 235
89 108
90 791
93 110
100 581
109 150
111 482
114 144
117 358
117 175
119 335
120 874
121 143
122 921
126 194
126 314
127 435
128 220
129 200
131 301
135 192
136 410
147 183
151 277
154 231
155 999
156 228
159 625
160 442
165 779
172 282
189 885
195 335
199 269
204 225
208 242
211 261
212 644
214 323
224 791
227 383
232 989
238 752
238 343
251 291
266 641
271 336
286 362
300 935
312 750
321 563
326 640
335 727
343 426
347 693
350 963
381 950
410 722
412 747
426 443
483 778
730 940
848 923
858 987
