1 8
1 41
1 13
1 2
1 3
1 6
1 275
1 70
1 38
1 5
1 424
1 24
1 525
1 22
1 7
1 96
1 27
1 4
1 510
1 51
1 12
1 10
1 481
1 420
1 150
1 17
1 14
1 29
1 71
1 19
1 95
1 203
1 288
1 32
1 26
1 264
1 33
1 236
1 99
1 137
1 21
1 231
1 106
1 25
1 102
1 47
1 388
1 86
1 174
1 20
1 235
1 78
1 66
1 93
1 158
1 454
1 350
1 42
1 16
1 146
1 50
1 40
1 114
1 336
1 74
1 124
1 46
1 825
1 63
1 968
1 43
1 167
1 18
1 923
1 23
1 103
1 111
1 9
1 134
1 44
1 30
1 60
1 520
1 467
1 55
1 28
1 140
1 105
1 554
1 122
1 31
1 178
1 83
1 11
1 73
1 423
1 435
1 704
1 108
1 600
1 582
1 885
1 886
1 797
1 304
1 289
1 62
1 45
1 59
1 743
1 48
1 39
1 52
1 843
1 15
1 603
1 126
1 558
1 128
1 37
1 151
1 412
1 36
1 163
1 232
1 248
1 688
1 221
1 224
1 112
1 157
1 87
1 170
1 136
1 385
2 7
2 3
2 551
2 5
2 201
2 18
2 37
2 644
2 12
2 9
2 13
2 17
2 10
2 16
2 127
2 11
2 4
2 38
2 23
2 656
2 14
2 47
2 6
2 95
2 101
2 8
2 114
2 94
2 30
2 261
2 115
2 391
2 140
2 29
2 484
2 15
2 31
2 125
2 69
2 44
2 131
2 324
2 74
2 26
2 724
2 130
2 327
2 741
2 158
2 257
2 27
2 63
2 59
2 107
2 781
2 151
2 739
2 939
2 49
2 42
2 225
2 21
2 175
2 55
2 302
2 57
2 132
2 70
2 78
2 792
2 71
2 373
2 162
2 40
2 64
2 142
2 215
2 109
2 138
2 221
2 96
2 607
2 28
2 165
2 510
2 884
2 190
2 33
2 188
2 381
2 210
2 39
2 120
2 43
2 41
2 79
2 443
2 470
2 91
2 441
2 196
2 22
2 245
2 46
2 159
2 85
2 24
2 296
2 186
2 133
2 784
2 143
2 62
2 515
2 20
2 75
2 147
2 119
2 32
2 19
2 589
2 48
2 256
2 240
2 176
2 530
2 77
2 198
2 65
2 52
2 163
2 932
2 665
2 73
2 986
2 343
2 442
2 748
2 50
2 117
2 621
2 475
2 92
2 134
2 354
2 950
2 68
2 547
2 61
2 90
2 284
2 802
2 105
2 289
2 99
2 600
2 67
2 419
2 571
2 518
2 295
2 774
2 653
2 82
2 406
2 60
2 755
2 34
2 290
2 298
2 203
2 286
2 703
2 211
2 76
2 25
2 402
2 146
2 84
2 45
2 503
2 174
2 349
2 58
2 51
2 892
2 909
2 98
2 969
2 185
2 54
2 285
2 618
2 438
2 81
2 312
2 56
2 83
2 575
2 521
2 199
2 489
2 212
2 485
2 187
2 670
2 956
2 540
2 460
2 761
2 437
2 308
2 371
2 148
2 126
2 972
2 265
2 677
2 104
2 206
2 226
2 182
2 493
2 906
2 270
2 36
2 958
2 323
2 103
2 393
2 152
2 414
2 93
2 35
2 360
2 525
2 380
2 234
2 220
2 379
2 128
2 100
2 983
2 445
2 636
2 722
2 192
3 4
3 698
3 338
3 73
3 6
3 5
3 18
3 14
3 16
3 9
3 538
3 291
3 67
3 17
3 47
3 10
3 267
3 8
3 28
3 736
3 499
3 547
3 13
3 12
3 71
3 284
3 170
3 34
3 32
3 219
3 313
3 879
3 148
3 44
3 49
3 20
3 53
3 15
3 35
3 43
3 83
3 109
3 7
3 359
3 38
3 27
3 222
3 22
3 25
3 771
3 92
3 21
3 254
3 204
3 150
3 23
3 151
3 345
3 438
3 36
3 51
3 19
3 245
3 139
3 385
3 130
3 190
3 305
3 394
3 842
3 86
3 126
3 30
3 121
3 70
3 116
3 161
3 594
3 31
3 330
3 11
3 604
3 685
3 645
3 37
3 58
3 119
3 123
3 89
3 174
3 29
3 262
3 286
3 191
3 80
3 188
3 110
3 332
3 875
3 142
3 676
3 33
3 560
3 789
3 421
3 42
3 95
3 375
3 181
3 937
3 229
3 94
3 54
3 201
3 26
3 40
3 187
3 93
3 381
3 977
3 563
3 145
3 99
3 243
3 45
3 111
3 299
3 56
3 168
3 74
3 178
3 412
3 965
3 87
3 136
3 856
3 46
3 65
3 544
3 620
3 928
3 206
3 519
3 399
3 477
3 76
3 539
3 402
3 106
3 41
3 55
3 607
3 62
3 533
3 75
3 69
3 303
3 358
3 60
3 63
3 261
3 580
3 24
4 19
4 9
4 10
4 7
4 76
4 17
4 206
4 11
4 523
4 108
4 256
4 286
4 327
4 150
4 23
4 276
4 16
4 700
4 839
4 304
4 40
4 25
4 112
4 15
4 119
4 42
4 35
4 29
4 5
4 6
4 54
4 28
4 419
4 22
4 12
4 13
4 24
4 281
4 31
4 77
4 21
4 57
4 98
4 111
4 47
4 27
4 543
4 45
4 743
4 49
4 81
4 208
4 66
4 132
4 84
4 59
4 627
4 125
4 91
4 373
4 805
4 26
4 67
4 199
4 104
4 315
4 212
4 90
4 14
4 585
4 449
4 441
4 128
4 987
4 52
4 297
4 88
4 56
4 198
4 503
4 80
4 20
4 399
4 95
4 214
4 103
4 46
4 60
4 53
4 8
4 247
4 742
4 74
4 604
4 18
4 123
4 267
4 196
4 30
4 63
4 110
4 194
4 141
4 73
4 78
4 106
4 363
4 37
4 115
4 197
4 114
4 72
4 48
4 139
4 154
4 155
4 82
4 175
4 174
4 43
4 371
4 574
4 646
5 608
5 88
5 61
5 386
5 7
5 76
5 26
5 800
5 97
5 616
5 14
5 95
5 80
5 48
5 9
5 11
5 19
5 326
5 77
5 6
5 31
5 35
5 212
5 160
5 503
5 57
5 125
5 421
5 74
5 13
5 265
5 28
5 16
5 315
5 79
5 8
5 100
5 39
5 180
5 25
5 170
5 73
5 197
5 18
5 545
5 45
5 22
5 71
5 65
5 68
5 10
5 12
5 128
5 70
5 24
5 33
5 49
5 46
5 270
5 111
5 37
5 357
5 295
5 40
5 147
5 454
5 69
5 328
5 23
5 615
5 171
5 15
5 17
5 81
5 214
5 83
5 120
5 51
5 113
5 314
5 334
5 591
5 42
5 456
5 167
5 168
5 21
5 200
5 653
6 37
6 49
6 24
6 28
6 102
6 45
6 188
6 40
6 274
6 99
6 29
6 124
6 35
6 381
6 20
6 17
6 199
6 86
6 751
6 21
6 193
6 162
6 10
6 15
6 8
6 14
6 660
6 16
6 9
6 77
6 95
6 89
6 27
6 11
6 488
6 130
6 46
6 224
6 344
6 216
6 510
6 31
6 22
6 19
6 100
6 332
6 145
6 44
6 142
6 303
6 23
6 98
6 26
6 101
6 606
6 698
6 12
6 7
6 13
6 80
6 143
6 385
6 486
6 590
6 34
6 38
6 60
6 123
6 94
6 111
6 32
6 57
6 354
7 65
7 100
7 10
7 202
7 139
7 876
7 9
7 104
7 52
7 127
7 19
7 117
7 208
7 14
7 145
7 89
7 652
7 8
7 13
7 719
7 77
7 163
7 821
7 71
7 28
7 124
7 11
7 707
7 226
7 54
7 12
7 112
7 17
7 18
7 417
7 146
7 394
7 15
7 613
7 34
7 462
7 125
7 20
7 32
7 148
7 232
7 453
7 254
7 75
7 408
7 93
7 31
7 16
7 267
7 58
7 563
7 132
7 67
7 418
7 88
7 36
7 41
8 268
8 411
8 22
8 26
8 43
8 34
8 710
8 9
8 429
8 53
8 584
8 424
8 272
8 50
8 161
8 13
8 216
8 11
8 10
8 97
8 23
8 56
8 35
8 38
8 18
8 66
8 32
8 138
8 789
8 123
8 12
8 51
8 60
8 394
8 321
8 68
8 274
8 266
8 47
8 463
8 76
8 816
8 36
8 15
8 27
8 693
8 57
8 308
8 61
8 131
8 20
8 222
8 230
9 40
9 60
9 18
9 79
9 29
9 169
9 568
9 35
9 31
9 167
9 756
9 282
9 28
9 182
9 80
9 395
9 502
9 389
9 102
9 20
9 64
9 16
9 75
9 134
9 866
9 11
9 17
9 30
9 24
9 56
9 21
9 12
9 32
9 70
9 22
9 408
9 380
9 288
9 23
9 160
9 406
9 65
9 413
9 15
9 466
9 119
9 50
9 26
9 213
9 139
9 319
9 101
10 59
10 17
10 12
10 22
10 25
10 21
10 81
10 33
10 23
10 325
10 86
10 179
10 60
10 44
10 91
10 149
10 176
10 29
10 548
10 123
10 702
10 559
10 31
10 189
10 84
10 18
10 78
10 130
10 131
10 61
10 49
10 534
10 48
10 135
10 401
10 511
10 11
10 895
10 14
10 20
10 411
11 555
11 17
11 315
11 20
11 44
11 39
11 31
11 16
11 137
11 766
11 96
11 27
11 381
11 52
11 34
11 218
11 14
11 19
11 166
11 15
11 18
11 551
11 13
11 119
11 305
11 122
11 234
11 25
11 198
11 12
11 22
11 24
11 62
11 73
11 802
11 23
11 961
11 903
12 413
12 260
12 121
12 165
12 135
12 17
12 23
12 34
12 40
12 151
12 92
12 41
12 462
12 809
12 105
12 57
12 956
12 77
12 75
12 28
12 161
12 830
12 73
12 35
12 32
12 471
12 21
12 159
12 14
12 484
12 848
12 59
12 29
12 82
12 13
12 200
12 93
12 582
13 73
13 40
13 48
13 99
13 24
13 111
13 278
13 80
13 63
13 66
13 19
13 890
13 15
13 60
13 25
13 123
13 91
13 138
13 43
13 39
13 450
13 28
13 18
13 22
13 78
13 457
13 192
14 87
14 22
14 500
14 16
14 256
14 47
14 640
14 34
14 68
14 571
14 97
14 29
14 194
14 36
14 15
14 780
14 86
14 49
14 96
14 24
14 109
14 299
14 33
14 180
14 46
14 71
14 28
14 17
14 247
14 76
14 210
14 689
15 368
15 16
15 574
15 28
15 203
15 134
15 26
15 126
15 176
15 19
15 119
15 52
15 163
15 68
15 288
15 37
15 60
15 17
15 722
15 43
15 189
15 32
15 41
16 176
16 122
16 88
16 873
16 53
16 38
16 102
16 54
16 72
16 109
16 51
16 47
16 61
16 927
16 52
16 49
16 104
16 358
16 71
16 277
16 34
16 39
16 99
17 25
17 46
17 22
17 85
17 82
17 33
17 90
17 49
17 18
17 792
17 44
17 713
17 268
17 21
17 66
17 895
17 560
17 720
17 433
17 346
17 112
17 299
17 119
17 29
18 46
18 33
18 320
18 774
18 44
18 23
18 139
18 19
18 50
19 58
19 46
19 204
19 554
19 568
19 34
19 27
19 63
19 44
19 208
19 38
20 452
20 136
20 36
20 137
20 47
20 22
20 418
20 368
20 28
20 24
20 29
20 31
20 84
20 932
21 78
21 52
21 57
21 705
21 49
21 43
21 722
21 189
21 104
21 77
21 279
21 632
21 45
21 140
21 453
21 136
21 114
22 38
22 204
22 39
22 25
22 26
22 500
22 467
22 106
22 27
22 264
22 108
22 70
22 174
22 161
23 36
23 140
23 235
23 26
23 242
23 126
23 33
23 35
23 137
23 357
23 39
23 962
24 25
24 73
24 51
24 143
24 115
24 260
24 38
24 643
24 79
24 950
24 31
24 28
24 323
24 54
24 239
24 106
25 214
25 187
25 409
25 44
25 299
25 101
25 60
25 243
25 208
25 32
25 26
25 30
25 304
26 44
26 74
26 273
26 56
26 407
26 494
26 268
26 30
26 102
26 194
26 451
26 403
27 42
27 320
27 129
27 72
27 63
27 64
27 885
27 235
27 891
27 57
27 500
27 112
27 68
27 110
28 79
28 497
28 650
28 101
28 174
28 63
28 257
28 70
28 111
28 195
28 209
28 238
28 54
29 658
29 264
29 142
29 133
29 221
29 208
29 69
29 191
29 399
29 280
29 52
29 54
30 234
30 249
30 108
30 516
30 180
30 56
30 270
30 82
31 219
31 303
31 282
31 249
31 118
31 202
31 56
31 49
32 69
32 117
32 154
32 743
32 35
33 688
33 48
33 114
33 327
33 90
33 651
33 440
33 326
33 696
34 145
34 46
34 829
34 71
34 54
34 164
34 43
34 229
35 47
35 730
35 874
35 100
36 654
36 52
36 94
36 53
36 304
36 324
37 369
37 651
37 42
37 52
37 58
37 504
37 660
38 154
38 82
38 49
38 40
39 229
39 987
39 495
40 81
40 322
40 116
41 193
41 42
42 59
42 358
42 810
42 71
42 138
42 231
42 260
43 317
43 75
43 262
43 85
43 46
44 677
44 321
44 67
44 71
45 49
45 268
45 677
46 116
46 187
47 205
47 64
47 81
47 104
48 70
48 309
48 68
48 187
48 120
48 52
48 133
48 98
49 390
50 81
50 74
50 799
51 69
51 277
51 142
51 86
51 409
52 89
52 57
52 141
53 663
53 252
53 97
53 668
53 119
53 74
54 931
54 189
54 98
54 210
54 155
54 86
54 57
55 176
55 431
55 93
55 885
56 507
56 184
57 443
57 596
57 550
57 170
58 68
58 256
58 190
60 109
60 117
61 247
61 287
61 370
62 157
63 242
64 420
64 99
64 580
64 70
64 779
64 67
65 79
65 170
65 684
65 191
66 67
66 484
67 152
68 69
69 754
69 560
69 225
70 955
70 217
71 616
72 752
73 616
73 675
74 673
74 88
75 255
76 709
77 201
78 138
79 149
79 332
81 215
82 410
82 291
83 492
83 140
84 223
85 935
86 140
86 129
86 743
86 240
87 647
88 988
88 104
89 268
90 143
91 119
92 130
93 121
94 118
94 444
95 897
96 853
97 136
98 100
98 112
98 749
98 205
99 308
99 322
99 469
100 725
100 113
101 533
102 241
102 559
103 519
103 351
104 417
105 767
106 656
108 440
108 271
109 447
110 543
110 891
112 177
113 380
113 385
113 154
114 724
114 177
115 164
115 684
116 714
116 568
118 319
119 326
120 236
121 363
122 297
123 391
124 458
127 615
127 323
129 244
138 349
140 174
143 701
145 696
146 256
152 467
156 606
156 740
157 465
158 504
158 183
162 239
164 719
166 790
167 775
168 206
170 238
170 352
172 379
173 380
174 459
176 535
183 754
186 371
186 742
188 199
190 268
191 360
192 285
193 640
195 729
197 557
198 404
198 300
200 288
208 275
208 750
213 458
221 992
224 416
224 364
232 558
241 660
243 381
248 408
256 282
261 498
283 576
289 407
309 803
310 430
313 655
335 646
370 631
382 423
386 844
387 946
489 525
495 549
503 672
533 561
558 692
568 780
615 685
624 638
