1 127
1 359
1 161
1 10
1 49
1 2
1 328
1 27
1 5
1 4
1 3
1 244
1 12
1 287
1 275
1 34
1 448
1 7
1 129
1 8
1 6
1 24
2 594
2 123
2 106
2 6
2 15
2 4
2 13
2 179
2 33
2 64
2 163
2 3
2 7
2 47
2 23
2 17
2 54
2 63
2 714
2 389
2 65
2 5
2 113
2 137
2 36
2 60
2 723
2 39
2 119
2 162
2 8
2 648
2 14
2 135
2 45
2 9
2 19
2 121
2 38
2 727
2 70
2 16
2 328
2 57
2 72
2 10
2 303
2 53
2 11
3 15
3 60
3 24
3 5
3 403
3 9
3 35
3 4
3 126
3 279
3 21
3 11
3 22
3 148
3 6
3 71
3 12
3 57
3 180
3 101
4 24
4 16
4 478
4 18
4 702
4 31
4 254
4 15
4 13
4 122
4 145
4 35
4 22
4 6
4 5
4 8
4 453
5 559
5 8
5 15
5 24
6 143
6 233
6 28
6 25
6 54
6 9
6 123
6 22
6 718
6 43
7 45
7 78
7 898
7 187
7 31
7 261
8 270
8 23
8 43
8 16
8 12
9 10
9 61
9 29
10 403
10 156
10 112
10 101
11 416
11 39
12 57
12 205
12 20
12 60
12 891
12 45
13 81
14 60
14 329
15 570
16 48
16 157
17 31
17 18
18 30
19 43
20 119
20 54
21 49
22 129
23 77
25 38
27 65
27 64
28 107
28 79
28 50
29 59
30 250
30 54
31 293
32 91
33 294
36 419
37 918
37 466
39 255
42 148
43 44
47 322
48 445
49 379
49 179
52 379
61 864
69 171
76 159
82 266
87 767
95 171
124 137
138 217
142 325
157 195
165 316
213 245
477 559
