1 6
1 115
1 14
1 5
1 2
1 75
1 23
1 182
1 58
1 8
1 43
1 17
1 22
1 3
1 9
1 211
1 97
1 28
1 354
1 256
1 485
1 21
1 24
1 664
1 11
1 12
1 4
1 191
1 54
1 26
1 203
1 13
1 47
1 464
1 19
1 7
1 632
1 66
1 29
1 280
1 60
1 409
1 244
1 77
1 214
1 76
1 173
1 307
1 250
1 238
1 34
1 144
1 38
1 33
1 362
1 220
1 36
1 32
1 39
1 10
1 61
1 289
1 91
1 59
1 98
1 720
1 906
1 491
1 25
1 134
1 123
1 381
1 148
1 194
1 395
1 27
1 965
1 55
1 521
1 15
1 84
1 44
1 46
1 41
1 864
1 35
1 433
1 50
1 355
2 10
2 9
2 22
2 3
2 303
2 34
2 20
2 6
2 4
2 93
2 5
2 31
2 32
2 11
2 153
2 60
2 24
2 12
2 679
2 21
2 23
2 15
2 283
2 53
2 47
2 271
2 531
2 7
2 211
2 177
2 28
2 908
2 796
2 197
2 14
2 27
2 216
2 259
2 46
2 274
2 83
2 456
2 115
2 38
2 154
2 43
2 77
2 159
2 116
2 8
2 42
2 281
2 685
2 189
2 98
2 812
2 233
2 230
2 19
2 72
2 650
2 40
2 218
2 152
2 25
2 45
2 92
2 16
2 29
2 95
2 157
2 260
2 133
2 246
2 479
2 671
2 394
2 851
2 17
2 117
2 13
2 100
2 344
2 61
2 431
2 198
2 452
2 35
2 187
2 632
2 296
2 66
2 449
2 206
2 36
2 825
2 44
2 113
2 85
2 69
2 150
2 67
2 453
2 139
2 64
2 614
2 41
2 214
2 409
2 97
2 161
2 147
2 251
2 224
2 48
2 240
2 539
2 915
2 321
2 498
2 87
2 220
2 484
2 96
2 78
2 18
2 583
2 33
2 488
2 582
2 128
2 847
2 143
2 795
2 478
2 175
2 304
2 810
2 70
2 179
2 81
2 52
2 112
2 616
2 111
2 37
2 210
2 364
2 721
2 57
2 269
2 205
2 359
2 26
2 186
2 279
2 270
2 459
2 961
2 56
2 202
2 118
2 430
2 398
2 71
2 667
2 68
2 242
2 136
2 102
2 333
2 126
2 63
3 11
3 47
3 17
3 15
3 6
3 87
3 136
3 9
3 834
3 34
3 333
3 7
3 180
3 655
3 84
3 16
3 5
3 26
3 968
3 31
3 57
3 23
3 941
3 19
3 248
3 29
3 30
3 764
3 77
3 114
3 20
3 39
3 37
3 25
3 55
3 325
3 56
3 70
3 58
3 222
3 38
3 49
3 12
3 432
3 104
3 35
3 4
3 352
3 80
3 71
3 285
3 64
3 76
3 229
3 254
3 28
3 246
3 223
3 13
3 340
3 648
3 106
3 499
3 8
3 644
3 341
3 165
3 548
3 10
3 67
3 364
3 109
3 338
3 89
3 60
3 33
3 261
3 82
3 633
3 713
3 97
3 14
3 18
3 51
3 92
3 111
3 22
3 372
3 65
3 21
3 758
3 600
3 501
3 389
3 139
3 215
3 50
3 129
3 889
3 715
3 232
3 838
3 365
3 137
3 752
3 898
3 794
3 737
3 48
3 200
3 440
3 754
3 408
3 107
3 119
3 68
3 741
3 125
4 37
4 498
4 25
4 8
4 92
4 85
4 78
4 71
4 12
4 34
4 31
4 42
4 22
4 70
4 14
4 19
4 229
4 38
4 7
4 544
4 11
4 30
4 124
4 58
4 44
4 6
4 5
4 9
4 672
4 285
4 74
4 59
4 47
4 51
4 305
4 377
4 134
4 576
4 204
4 241
4 111
4 788
4 28
4 160
4 433
4 49
4 67
4 54
4 40
4 17
4 240
4 13
4 43
4 719
4 322
4 103
4 81
4 260
4 120
4 95
4 96
4 607
4 125
4 484
4 33
4 72
4 16
4 15
4 210
4 122
4 69
4 53
4 48
4 130
4 23
4 106
4 367
4 644
4 183
5 16
5 6
5 248
5 26
5 296
5 8
5 37
5 9
5 69
5 7
5 144
5 22
5 797
5 53
5 114
5 38
5 308
5 62
5 14
5 44
5 120
5 31
5 13
5 633
5 15
5 112
5 81
5 407
5 18
5 160
5 165
5 25
5 28
5 274
5 374
5 99
5 815
5 61
5 10
5 71
5 17
5 80
5 272
5 36
5 850
5 19
5 12
5 375
5 40
5 541
5 313
5 129
5 98
5 93
5 117
5 11
5 145
5 39
5 33
5 287
5 998
5 48
5 218
5 20
5 52
5 211
6 7
6 16
6 8
6 212
6 15
6 225
6 394
6 17
6 28
6 31
6 10
6 997
6 519
6 218
6 19
6 830
6 20
6 46
6 32
6 41
6 21
6 34
6 431
6 12
6 81
6 14
6 29
6 72
6 18
6 48
6 336
6 363
6 11
6 26
6 124
6 76
6 69
6 791
6 535
6 25
6 145
6 77
6 442
6 24
6 339
7 123
7 14
7 39
7 29
7 79
7 31
7 53
7 11
7 13
7 193
7 219
7 27
7 485
7 30
7 62
7 16
7 182
7 419
7 127
7 65
7 611
7 672
7 12
7 84
7 203
7 8
7 131
7 9
7 10
7 26
7 15
7 448
7 37
7 19
7 72
7 373
7 23
7 819
7 165
7 210
7 248
7 237
7 106
7 533
7 982
8 9
8 22
8 23
8 689
8 26
8 817
8 678
8 163
8 478
8 15
8 12
8 16
8 264
8 36
8 144
8 245
8 619
8 60
8 27
8 21
8 928
8 145
8 228
8 207
8 46
8 281
8 29
8 160
8 11
8 47
8 34
8 495
8 14
8 83
8 30
8 53
8 975
8 175
8 496
8 117
8 100
9 25
9 350
9 103
9 54
9 645
9 425
9 486
9 829
9 73
9 47
9 82
9 169
9 38
9 20
9 57
9 286
9 35
9 39
9 30
9 10
9 117
9 22
9 93
9 649
9 12
9 13
9 40
9 627
9 610
9 43
9 19
9 131
9 49
9 161
9 72
9 51
10 281
10 26
10 222
10 124
10 202
10 13
10 525
10 22
10 233
10 70
10 322
10 72
10 18
10 238
10 48
10 52
10 133
10 407
10 28
10 68
11 20
11 12
11 40
11 83
11 682
11 16
11 57
11 78
11 15
11 102
11 317
11 45
11 13
11 95
11 19
11 14
11 34
11 458
11 17
11 611
11 680
11 29
12 23
12 17
12 130
12 20
12 76
12 481
12 980
12 268
12 85
12 467
12 64
12 18
12 60
12 65
12 95
12 108
12 196
13 152
13 24
13 14
13 37
13 22
13 19
13 89
13 48
13 17
13 153
13 20
13 238
13 16
13 15
13 84
13 18
13 125
13 139
13 159
13 954
13 113
13 95
14 17
14 179
14 345
14 18
14 37
14 59
14 26
14 47
14 25
14 129
14 30
14 66
14 82
14 231
14 430
14 16
15 266
15 33
15 20
15 148
15 367
15 17
15 152
16 23
16 72
16 44
16 639
16 688
16 54
16 29
16 166
16 138
16 473
17 637
17 372
17 46
17 35
17 64
17 199
17 65
17 82
17 113
18 115
18 21
18 24
18 305
18 614
18 572
18 157
18 175
18 177
19 419
19 47
19 138
19 433
19 29
19 67
19 552
19 362
19 30
20 47
20 130
20 25
20 191
20 118
20 185
20 212
20 603
20 62
20 108
20 81
20 68
20 684
20 33
21 35
21 29
21 71
21 86
21 142
21 488
21 22
21 92
21 649
21 123
21 181
21 85
22 48
22 81
22 203
22 85
22 49
23 619
23 218
23 462
23 26
23 29
24 38
24 30
24 64
24 37
24 27
24 81
24 206
24 903
24 179
25 44
25 121
25 81
25 245
25 29
25 45
25 256
25 31
25 482
25 604
25 321
25 77
25 382
26 129
26 105
26 331
26 37
26 102
26 178
26 31
27 475
27 668
27 232
27 301
27 40
27 251
27 448
27 995
28 91
28 37
28 232
29 41
29 233
29 38
29 197
29 55
30 193
30 146
31 809
31 49
32 510
32 242
32 86
33 545
34 107
34 718
34 52
35 717
35 502
35 43
36 910
36 117
36 729
36 61
36 140
37 72
37 67
37 154
37 444
37 197
37 122
37 128
38 137
38 866
38 108
38 76
39 88
39 174
39 810
39 53
39 323
40 388
40 42
40 363
40 421
40 79
41 75
41 210
41 164
41 161
42 528
42 96
42 451
42 839
43 60
43 516
45 802
46 117
46 453
46 58
47 56
48 96
48 102
48 124
48 177
49 98
49 60
49 322
49 290
49 257
49 90
50 53
51 339
52 257
52 165
54 133
54 194
54 75
55 123
55 768
57 90
57 451
57 175
58 68
59 410
61 263
62 72
62 246
62 225
63 122
64 530
64 581
64 893
65 305
65 761
66 73
66 420
67 275
68 166
68 237
68 106
68 192
69 70
69 422
69 278
69 457
71 79
71 329
72 926
73 451
73 153
73 874
74 280
74 867
74 150
75 177
78 735
79 718
79 125
79 354
80 92
83 133
83 849
84 410
85 295
88 698
88 291
90 260
92 868
92 317
92 312
95 216
96 143
96 173
98 137
99 346
100 216
100 116
101 696
103 686
106 234
107 137
109 533
111 333
111 668
112 148
113 278
115 638
115 417
120 407
124 728
126 287
129 144
129 194
130 215
132 766
133 137
137 315
137 164
137 323
144 245
144 200
144 840
145 359
146 238
149 618
152 899
155 215
158 234
159 564
166 958
170 183
175 496
182 203
183 216
186 999
189 538
192 846
200 310
202 924
212 874
232 237
242 444
242 839
243 344
261 681
263 821
265 809
266 340
285 375
304 452
306 332
348 797
353 915
381 513
385 664
436 827
449 538
455 912
463 722
495 530
