1 6
1 17
1 759
1 4
1 9
1 542
1 96
1 90
1 11
1 2
1 21
1 18
1 65
1 14
1 67
1 145
1 570
1 13
1 16
1 155
1 3
1 66
1 71
1 5
1 10
1 386
1 60
1 699
1 211
1 169
1 86
1 122
1 39
1 137
1 738
1 20
1 54
1 87
1 7
1 230
1 204
1 642
1 15
1 43
1 248
1 555
1 27
1 47
1 26
1 606
1 53
1 64
1 44
1 8
1 149
1 29
1 74
1 343
1 158
1 34
1 413
1 181
1 36
1 78
1 113
1 455
1 666
1 52
1 126
1 68
1 31
1 42
1 12
1 583
1 32
1 739
1 194
1 713
1 22
1 49
1 511
1 24
1 207
1 226
1 82
1 231
1 50
1 73
1 98
1 915
1 94
1 136
1 121
1 84
1 513
1 58
1 217
1 220
1 30
1 93
1 57
1 270
1 40
1 38
1 19
1 135
1 746
1 314
1 267
1 307
1 223
1 41
1 23
1 347
1 37
1 118
1 344
1 70
1 59
1 249
1 242
1 258
1 115
1 168
1 256
1 176
1 484
1 25
1 33
1 175
1 814
2 5
2 4
2 13
2 36
2 49
2 18
2 42
2 6
2 17
2 55
2 12
2 43
2 32
2 108
2 9
2 972
2 3
2 35
2 25
2 15
2 10
2 95
2 16
2 8
2 11
2 93
2 21
2 119
2 7
2 369
2 84
2 63
2 213
2 797
2 77
2 50
2 324
2 129
2 27
2 271
2 179
2 39
2 14
2 118
2 31
2 40
2 29
2 19
2 814
2 661
2 153
2 103
2 34
2 83
2 62
2 71
2 22
2 165
2 942
2 315
2 248
2 773
2 56
2 192
2 146
2 182
2 85
2 60
2 26
2 53
2 828
2 92
2 23
2 408
2 267
2 508
2 120
2 73
2 47
2 20
2 401
2 54
2 230
2 24
2 341
2 215
2 142
2 86
2 428
2 529
2 735
2 936
2 189
2 655
2 862
2 33
2 354
2 30
2 96
2 437
2 240
2 64
2 400
2 114
2 141
2 312
2 201
2 565
2 345
2 90
2 164
2 205
2 287
2 444
2 176
2 736
2 79
2 69
2 528
2 155
2 57
2 51
2 523
2 683
2 82
2 52
2 46
2 330
2 48
2 76
2 544
2 292
2 342
2 175
2 580
2 274
2 123
2 111
2 560
2 388
2 297
2 433
2 848
2 943
2 360
2 410
2 586
2 334
2 68
2 802
2 308
2 232
2 138
2 163
2 416
2 173
2 28
2 181
2 185
2 268
2 58
2 107
2 110
2 687
2 783
2 708
2 98
2 249
2 140
2 614
2 527
2 945
2 203
2 320
2 394
2 723
2 81
2 197
2 75
2 263
2 38
2 228
2 322
2 649
2 87
2 151
2 445
2 713
2 546
2 66
2 194
2 603
2 74
2 135
2 67
2 105
2 517
2 37
2 310
2 235
2 188
2 666
2 270
2 475
2 868
2 510
2 451
2 216
2 470
2 101
2 253
2 885
2 449
2 41
2 808
2 492
2 371
2 700
2 89
2 229
2 563
2 359
2 730
2 128
2 409
2 122
2 503
2 906
2 522
2 169
2 367
2 566
2 236
2 152
2 59
2 564
2 251
2 864
2 237
2 630
2 715
2 776
2 191
2 327
2 183
2 121
2 671
2 613
2 174
2 100
2 65
2 379
2 490
3 12
3 385
3 54
3 48
3 319
3 9
3 493
3 5
3 890
3 73
3 37
3 600
3 4
3 25
3 434
3 7
3 299
3 232
3 32
3 60
3 8
3 31
3 68
3 29
3 50
3 100
3 11
3 129
3 51
3 366
3 80
3 148
3 16
3 18
3 27
3 107
3 19
3 155
3 325
3 14
3 15
3 227
3 47
3 6
3 44
3 196
3 49
3 23
3 34
3 81
3 26
3 17
3 154
3 467
3 22
3 30
3 10
3 808
3 24
3 79
3 33
3 58
3 57
3 198
3 70
3 959
3 76
3 341
3 42
3 110
3 395
3 139
3 786
3 792
3 21
3 41
3 410
3 82
3 43
3 188
3 28
3 120
3 625
3 112
3 46
3 66
3 104
3 253
3 36
3 327
3 396
3 335
3 685
3 406
3 451
3 483
3 392
3 98
3 67
3 860
3 793
3 241
3 242
3 164
3 192
3 78
3 20
3 146
3 106
3 40
3 96
3 69
3 153
3 479
3 360
3 204
3 150
3 262
3 61
3 904
3 236
3 317
3 205
3 225
3 640
3 183
3 543
3 237
3 257
3 116
3 672
3 160
3 39
3 936
3 557
3 63
3 446
3 83
3 71
3 94
3 503
3 538
3 86
3 52
3 920
3 235
3 64
3 409
3 72
3 340
3 297
3 281
3 88
3 101
3 13
3 665
3 140
3 484
3 906
3 330
3 138
3 102
3 38
3 95
3 158
3 634
3 452
3 55
3 179
3 35
3 175
3 516
3 956
3 537
3 97
3 432
3 649
3 441
3 45
3 393
3 568
3 90
3 254
3 535
3 87
3 696
3 886
3 701
3 972
3 399
4 174
4 7
4 6
4 18
4 22
4 42
4 63
4 590
4 47
4 53
4 386
4 297
4 13
4 108
4 5
4 15
4 156
4 34
4 24
4 72
4 383
4 504
4 905
4 31
4 104
4 268
4 8
4 9
4 459
4 73
4 32
4 59
4 236
4 865
4 272
4 25
4 58
4 83
4 10
4 336
4 154
4 64
4 950
4 46
4 491
4 17
4 103
4 148
4 153
4 437
4 177
4 27
4 287
4 713
4 16
4 12
4 690
4 128
4 158
4 185
4 759
4 261
4 11
4 69
4 130
4 76
4 23
4 132
4 963
4 964
4 280
4 115
4 70
4 282
4 333
4 343
4 26
4 36
4 275
4 94
4 601
4 166
4 558
4 89
4 86
4 44
4 98
4 48
4 746
4 29
4 41
4 928
4 180
4 307
4 40
4 193
4 273
4 20
4 414
4 33
4 113
4 49
4 116
4 569
4 21
4 461
4 216
4 340
4 204
4 135
4 43
4 67
4 68
4 254
4 30
4 687
4 62
4 345
4 161
4 477
4 285
4 99
4 471
4 19
4 548
4 101
4 79
4 315
4 14
4 463
4 265
5 925
5 8
5 531
5 11
5 48
5 124
5 996
5 232
5 209
5 25
5 10
5 19
5 53
5 42
5 7
5 16
5 195
5 13
5 6
5 475
5 17
5 773
5 504
5 21
5 50
5 812
5 32
5 105
5 167
5 23
5 111
5 123
5 56
5 39
5 90
5 89
5 43
5 77
5 99
5 61
5 452
5 148
5 29
5 155
5 45
5 76
5 589
5 84
5 9
5 37
5 103
5 327
5 63
5 31
5 139
5 69
5 112
5 696
5 33
5 486
5 18
5 481
5 943
5 222
5 12
5 921
5 22
5 67
5 304
5 24
5 272
5 81
5 52
5 134
5 127
5 128
5 34
5 539
5 384
5 215
5 20
5 14
5 70
5 267
5 49
5 540
5 64
5 301
5 15
5 36
5 104
5 365
5 79
5 110
5 187
5 28
5 47
5 608
5 317
5 38
5 132
5 178
5 54
5 487
5 528
5 212
6 44
6 11
6 9
6 403
6 28
6 7
6 17
6 40
6 29
6 97
6 118
6 25
6 88
6 13
6 271
6 38
6 452
6 34
6 142
6 150
6 14
6 95
6 31
6 60
6 884
6 70
6 30
6 90
6 49
6 671
6 123
6 119
6 78
6 8
6 102
6 656
6 15
6 328
6 726
6 444
6 733
6 23
6 22
6 160
6 872
6 77
6 26
6 67
6 195
6 10
6 564
6 47
6 623
6 27
6 61
6 215
6 192
6 82
6 18
6 745
6 20
6 35
6 16
6 181
6 87
6 42
6 382
6 248
6 130
6 393
6 100
6 251
6 140
6 12
6 288
6 388
6 141
6 902
6 45
6 19
6 114
6 246
6 421
6 531
6 184
6 127
6 535
6 37
6 228
6 513
6 71
6 51
6 156
6 92
6 414
6 69
6 661
7 8
7 306
7 331
7 207
7 462
7 173
7 625
7 33
7 11
7 190
7 24
7 455
7 478
7 16
7 232
7 159
7 17
7 41
7 64
7 203
7 133
7 27
7 21
7 30
7 25
7 153
7 146
7 74
7 75
7 40
7 10
7 409
7 211
7 15
7 80
7 51
7 22
7 111
7 23
7 55
7 13
7 38
7 9
7 43
7 52
7 171
7 336
7 921
7 151
7 553
7 429
7 466
7 241
7 32
7 59
7 114
7 152
7 19
7 566
7 39
7 138
7 238
7 329
7 434
7 82
7 951
7 125
7 14
7 18
7 45
7 20
7 148
7 108
7 98
7 46
7 28
7 509
7 68
8 18
8 576
8 11
8 185
8 351
8 515
8 29
8 129
8 48
8 146
8 16
8 35
8 10
8 85
8 36
8 740
8 308
8 791
8 264
8 40
8 12
8 34
8 115
8 33
8 145
8 19
8 31
8 97
8 227
8 428
8 21
8 9
8 15
8 209
8 23
8 578
8 252
8 25
8 66
8 17
8 52
8 39
8 114
8 118
8 111
8 157
8 14
8 663
8 303
8 208
8 43
8 37
8 26
8 32
8 46
8 73
8 451
8 214
8 76
8 681
8 143
8 387
8 65
9 819
9 21
9 218
9 476
9 431
9 101
9 669
9 10
9 42
9 26
9 194
9 16
9 56
9 102
9 17
9 33
9 18
9 23
9 65
9 29
9 153
9 177
9 80
9 216
9 230
9 167
9 15
9 22
9 311
9 97
9 98
9 183
9 14
9 41
9 46
9 76
9 90
9 32
9 295
9 93
9 146
9 24
9 663
9 353
9 67
9 302
9 798
9 38
9 13
9 52
9 44
10 43
10 22
10 46
10 81
10 708
10 145
10 871
10 69
10 389
10 101
10 70
10 38
10 216
10 37
10 778
10 12
10 67
10 51
10 26
10 310
10 239
10 397
10 278
10 25
10 13
10 149
10 731
10 29
10 41
10 53
10 36
10 118
10 766
10 579
10 20
10 15
10 39
10 31
10 92
10 135
10 14
10 27
10 80
10 84
10 72
10 233
10 217
10 235
10 56
10 18
11 910
11 484
11 222
11 73
11 19
11 195
11 110
11 243
11 655
11 53
11 25
11 18
11 354
11 15
11 866
11 36
11 467
11 14
11 20
11 618
11 194
11 116
11 412
11 12
11 37
11 769
11 124
11 96
11 64
11 45
11 21
11 160
11 673
11 75
11 507
11 16
11 85
11 249
11 29
11 314
11 131
11 257
11 13
11 599
11 733
11 87
11 38
11 31
11 808
11 168
11 68
11 246
12 58
12 28
12 102
12 13
12 203
12 352
12 14
12 33
12 751
12 250
12 521
12 85
12 435
12 94
12 29
12 19
12 18
12 241
12 198
12 25
12 449
12 54
12 436
12 30
12 271
12 67
12 122
12 382
12 127
12 188
12 48
12 865
12 41
12 295
13 660
13 46
13 91
13 70
13 23
13 128
13 69
13 94
13 33
13 211
13 15
13 42
13 17
13 237
13 37
13 50
13 588
13 625
13 67
13 113
13 389
13 339
13 14
13 210
13 38
13 20
13 663
13 700
13 45
13 35
13 39
13 102
13 18
14 124
14 22
14 89
14 68
14 32
14 51
14 63
14 170
14 90
14 196
14 533
14 94
14 300
14 711
14 35
14 176
14 39
14 191
14 418
14 498
14 476
14 41
14 76
14 821
14 26
14 30
14 19
14 217
14 143
14 37
14 72
14 79
14 69
15 45
15 209
15 93
15 422
15 43
15 17
15 52
15 778
15 60
15 62
15 54
15 23
15 18
15 515
15 363
15 70
15 217
15 40
15 959
15 28
15 77
15 20
15 80
15 126
15 288
15 36
15 467
15 992
15 19
15 57
15 150
16 95
16 394
16 482
16 81
16 88
16 26
16 77
16 889
16 24
16 47
16 111
16 62
16 143
16 25
16 27
16 907
16 18
16 151
16 120
16 160
16 117
16 23
16 17
16 202
16 921
16 96
16 269
16 67
16 41
16 98
17 539
17 27
17 308
17 788
17 28
17 25
17 45
17 60
17 62
17 672
17 23
17 213
17 140
17 159
17 579
17 590
17 22
17 44
17 171
17 103
17 797
17 119
17 479
17 222
17 21
17 19
17 26
18 549
18 24
18 25
18 65
18 28
18 27
18 730
18 559
18 297
18 46
18 60
18 668
18 36
18 58
18 32
18 92
19 104
19 32
19 103
19 20
19 532
19 911
19 266
19 739
19 36
19 242
19 37
19 154
19 26
19 366
19 71
19 508
19 63
19 23
20 101
20 406
20 24
20 264
20 273
20 36
20 57
20 353
20 78
20 212
20 30
20 531
20 92
20 102
20 58
20 516
20 133
20 136
20 559
20 51
20 842
20 125
20 408
20 26
20 496
20 899
21 752
21 34
21 560
21 36
21 430
21 111
21 224
21 648
21 90
21 202
21 341
21 37
21 56
21 313
22 116
22 405
22 25
22 982
22 83
22 468
22 199
22 209
22 176
22 40
22 521
22 484
22 276
22 192
22 36
22 29
22 134
22 26
22 68
23 653
23 240
23 46
23 40
23 453
23 683
23 34
23 441
23 26
24 143
24 122
24 96
24 62
24 38
24 68
24 235
24 328
24 195
24 86
24 958
24 67
24 33
24 181
24 26
25 201
25 206
25 436
25 961
25 110
25 128
25 37
25 869
25 56
25 185
25 636
25 34
25 53
25 50
25 762
25 527
25 79
25 245
25 63
25 386
26 41
26 261
26 87
26 97
26 172
26 410
26 63
26 70
26 273
27 267
27 274
27 29
27 143
27 95
27 238
27 42
27 377
27 221
27 97
27 40
27 304
27 37
27 46
28 106
28 61
28 31
28 547
28 356
28 287
28 82
28 83
28 34
28 238
28 75
28 221
28 41
28 940
28 166
28 51
29 74
29 645
29 207
29 171
29 32
29 84
29 50
29 36
29 30
29 51
30 853
30 109
30 35
30 89
30 118
30 748
30 250
30 178
30 120
30 699
31 177
31 194
31 482
31 48
31 59
31 95
32 194
32 105
32 98
32 882
32 143
32 179
32 99
32 59
32 223
33 146
33 172
33 149
33 43
33 35
33 743
33 64
33 290
34 60
34 141
34 530
34 239
34 544
35 43
35 94
35 797
35 76
35 45
36 88
36 263
36 213
36 77
36 752
36 188
36 236
36 118
36 177
36 193
36 66
37 526
37 450
37 60
37 274
37 207
37 373
37 458
37 113
37 79
38 198
38 71
38 975
38 116
38 544
38 196
38 79
39 66
39 88
39 64
39 235
39 397
40 74
40 113
40 273
41 62
41 59
41 96
41 404
41 760
41 878
41 138
41 172
41 69
42 46
42 198
42 54
42 47
43 193
43 169
43 303
43 240
43 542
43 414
44 801
44 503
44 650
44 57
44 194
44 393
44 416
44 62
45 584
45 119
45 83
45 285
45 536
46 55
46 328
46 68
46 98
46 173
47 164
47 396
48 666
48 160
48 72
48 362
49 96
49 191
49 196
49 51
49 237
50 357
50 66
50 207
50 438
50 73
50 483
50 101
50 422
51 308
51 161
51 189
51 65
52 193
52 165
53 178
53 419
53 70
54 244
54 139
54 348
55 61
56 84
56 69
57 510
58 161
58 121
58 95
59 184
59 421
59 389
59 106
59 261
59 485
60 780
60 254
60 715
60 123
61 819
61 546
62 238
62 137
62 207
62 216
62 117
62 291
63 533
63 156
63 131
64 101
64 535
64 325
64 354
65 650
65 333
66 351
66 106
66 960
66 168
67 74
67 378
68 681
69 841
69 137
70 197
70 294
71 150
71 119
72 681
72 89
73 328
73 503
73 178
73 309
74 368
74 152
74 141
74 86
74 416
75 309
75 104
75 345
76 965
76 326
76 180
76 81
76 531
77 794
79 435
80 85
80 178
80 338
82 528
82 304
82 151
82 235
82 187
83 652
83 515
85 420
85 150
85 111
85 128
86 459
87 282
87 914
87 161
88 108
88 502
88 140
89 118
89 410
90 200
91 427
91 586
92 533
93 111
93 114
95 221
95 562
96 246
98 846
99 125
99 258
100 204
101 228
102 112
103 900
103 875
106 365
110 157
110 712
111 787
111 117
116 263
117 615
118 395
120 924
120 489
121 560
122 370
122 325
122 150
125 313
125 683
125 578
126 352
126 243
127 435
128 237
128 249
129 630
130 710
132 587
137 162
141 282
144 414
145 389
147 705
147 159
148 447
153 198
156 272
157 931
157 308
157 768
163 404
164 493
164 863
165 167
167 284
169 477
169 214
169 206
170 989
171 294
174 295
176 244
178 189
179 310
184 561
186 392
187 468
191 267
191 273
191 840
197 275
199 958
207 302
211 885
219 822
219 557
220 526
223 743
226 433
230 231
235 427
244 733
246 407
248 344
248 974
248 253
248 267
255 484
255 353
261 268
262 349
274 282
274 931
277 501
278 735
289 546
290 471
290 433
294 679
303 532
310 609
311 990
317 731
325 540
327 547
337 572
350 666
364 592
373 452
400 627
427 951
450 830
455 741
470 506
504 672
536 558
539 990
559 580
651 756
672 745
732 835
