1 10000 0 20000
2 10000 0 32000
3 10000 0 43998
4 10000 0 55992
5 10000 0 67976
6 10000 1 79969
7 10000 9 91943
8 10000 41 103903
9 10000 154 115784
10 10000 454 127474
11 10000 395 126133
12 10000 381 125973
13 10000 378 125938
14 10000 383 125895
15 10000 412 125892
16 10000 412 125916
17 10000 419 125869
18 10000 446 125872
19 10000 439 125899
20 10000 413 125919
21 10000 425 125933
22 10000 435 125963
23 10000 462 125868
24 10000 441 125841
25 10000 460 125810
26 10000 453 125803
27 10000 453 125825
28 10000 428 125818
29 10000 380 125900
30 10000 362 125956
31 10000 402 126008
32 10000 414 126048
33 10000 413 125931
34 10000 404 125920
35 10000 371 125977
36 10000 397 125945
37 10000 410 125912
38 10000 397 125895
39 10000 398 125962
40 10000 412 125902
41 10000 395 125971
42 10000 397 125933
43 10000 402 125928
44 10000 401 125943
45 10000 374 125970
46 10000 381 125957
47 10000 395 125909
48 10000 399 125987
49 10000 391 126029
50 10000 375 125925
51 10000 404 125966
52 10000 372 125922
53 10000 359 125929
54 10000 348 125998
55 10000 355 125985
56 10000 317 125987
57 10000 329 125963
58 10000 307 126039
59 10000 338 125984
60 10000 335 125971
61 10000 359 125965
62 10000 383 125901
63 10000 388 125996
64 10000 395 125945
65 10000 418 125882
66 10000 420 125902
67 10000 410 125910
68 10000 379 125953
69 10000 428 125920
70 10000 434 125832
71 10000 453 125911
72 10000 407 125927
73 10000 390 125946
74 10000 356 125958
75 10000 408 125940
76 10000 388 125972
77 10000 416 125940
78 10000 406 125932
79 10000 437 125969
80 10000 400 125942
81 10000 421 125919
82 10000 399 125935
83 10000 427 125949
84 10000 367 125949
85 10000 330 125966
86 10000 366 125962
87 10000 371 125923
88 10000 422 125840
89 10000 407 125937
90 10000 408 125966
91 10000 347 125997
92 10000 352 125974
93 10000 365 125987
94 10000 372 125994
95 10000 386 125998
96 10000 374 125906
97 10000 392 125912
98 10000 417 125917
99 10000 403 125863
100 10000 406 125930
