1 20000 0 0 0
2 12000 0 0 0
3 11998 0 0 0
4 11994 0 0 0
5 11984 0 0 0
6 11993 0 1 0
7 11974 0 8 0
8 11960 0 32 0
9 11881 0 113 0
10 11690 0 300 0
11 11342 13378 636 0
12 11414 12158 570 0
13 11431 12018 549 0
14 11421 12030 571 0
15 11391 11944 579 0
16 11420 11966 570 0
17 11412 12028 576 0
18 11377 11956 609 0
19 11359 11964 625 0
20 11421 11979 557 5
21 11345 11957 639 1
22 11338 11942 646 2
23 11346 12043 630 1
24 11370 12030 614 2
25 11370 12003 622 1
26 11342 11987 632 1
27 11378 11960 606 2
28 11352 12006 624 2
29 11408 11946 574 2
30 11400 11950 590 2
31 11373 11889 609 1
32 11355 11927 625 1
33 11314 12104 672 0
34 11387 12003 597 1
35 11430 11972 566 0
36 11371 11988 611 0
37 11388 12000 594 2
38 11409 12008 569 0
39 11358 11924 634 0
40 11405 12017 571 5
41 11424 11939 568 1
42 11427 12014 551 0
43 11394 11990 596 0
44 11381 11959 593 1
45 11416 11989 574 1
46 11457 11984 527 6
47 11400 12018 592 8
48 11373 11896 607 2
49 11383 11954 605 0
50 11413 12099 567 1
51 11389 11913 595 1
52 11436 12052 540 0
53 11426 11988 558 2
54 11443 11927 545 3
55 11426 11994 564 2
56 11444 12026 546 0
57 11442 11996 542 0
58 11483 11940 511 0
59 11430 12010 556 0
60 11419 12008 573 0
61 11404 11957 572 1
62 11401 12027 587 1
63 11409 11891 585 3
64 11417 12035 575 1
65 11406 12021 578 3
66 11391 11956 587 0
67 11421 11976 555 2
68 11412 11977 578 1
69 11378 11963 602 1
70 11377 12063 605 1
71 11380 11886 604 0
72 11422 12009 560 3
73 11403 11972 577 6
74 11435 12006 553 4
75 11329 11949 661 7
76 11410 11977 580 1
77 11358 11987 626 1
78 11399 12014 597 0
79 11391 11927 605 1
80 11426 12050 564 4
81 11362 11989 626 1
82 11380 11978 598 6
83 11336 11943 650 1
84 11422 12052 570 0
85 11403 12005 585 3
86 11391 11956 599 2
87 11383 12015 601 3
88 11318 12017 668 1
89 11390 11906 598 0
90 11385 11954 599 0
91 11434 12004 540 0
92 11433 11996 545 0
93 11418 11954 564 2
94 11429 11978 563 0
95 11432 11968 554 0
96 11443 12084 541 4
97 11416 11959 570 3
98 11383 11957 607 3
99 11386 12041 588 1
100 11374 11911 608 1
