1 10000 0 20000
2 10000 38 39956
3 10000 722 59264
4 10000 4173 75799
5 10000 12455 87503
6 10000 12349 87617
7 10000 12475 87491
8 10000 12354 87602
9 10000 12510 87450
10 10000 12476 87488
11 10000 12376 87574
12 10000 12398 87548
13 10000 12521 87425
14 10000 12493 87465
15 10000 12344 87618
16 10000 12409 87551
17 10000 12405 87561
18 10000 12494 87476
19 10000 12507 87467
20 10000 12483 87497
21 10000 12467 87513
22 10000 12451 87509
23 10000 12523 87435
24 10000 12456 87494
25 10000 12356 87592
26 10000 12293 87669
27 10000 12353 87617
28 10000 12408 87556
29 10000 12536 87428
30 10000 12507 87455
31 10000 12528 87430
32 10000 12565 87383
33 10000 12465 87473
34 10000 12347 87603
35 10000 12334 87616
36 10000 12362 87594
37 10000 12451 87499
38 10000 12523 87437
39 10000 12534 87428
40 10000 12619 87335
41 10000 12624 87328
42 10000 12528 87428
43 10000 12626 87342
44 10000 12536 87424
45 10000 12317 87643
46 10000 12258 87688
47 10000 12333 87615
48 10000 12256 87682
49 10000 12288 87668
50 10000 12439 87519
51 10000 12390 87556
52 10000 12427 87539
53 10000 12395 87559
54 10000 12388 87560
55 10000 12465 87481
56 10000 12406 87540
57 10000 12522 87432
58 10000 12668 87292
59 10000 12533 87421
60 10000 12535 87411
61 10000 12618 87334
62 10000 12546 87408
63 10000 12396 87578
64 10000 12395 87583
65 10000 12487 87495
66 10000 12403 87567
67 10000 12314 87642
68 10000 12348 87584
69 10000 12502 87442
70 10000 12555 87391
71 10000 12575 87369
72 10000 12430 87512
73 10000 12278 87676
74 10000 12283 87671
75 10000 12436 87528
76 10000 12501 87473
77 10000 12743 87225
78 10000 12501 87465
79 10000 12376 87582
80 10000 12567 87401
81 10000 12416 87550
82 10000 12437 87519
83 10000 12293 87665
84 10000 12374 87584
85 10000 12412 87548
86 10000 12414 87554
87 10000 12450 87516
88 10000 12425 87545
89 10000 12377 87585
90 10000 12453 87493
91 10000 12420 87540
92 10000 12460 87488
93 10000 12608 87352
94 10000 12602 87352
95 10000 12553 87393
96 10000 12482 87474
97 10000 12523 87425
98 10000 12485 87469
99 10000 12488 87468
100 10000 12450 87494
