1 20000 0 0 0
2 19956 0 38 0
3 19308 0 684 0
4 16535 0 3451 0
5 11704 0 8282 0
6 6971 19974 13011 0
7 6848 19964 13136 20
8 6937 19697 13043 293
9 6778 18763 13202 1213
10 6876 18046 13112 1938
11 6922 18969 13050 1017
12 6786 18928 13188 1050
13 6770 18855 13202 1117
14 6882 18698 13100 1272
15 6980 18679 13000 1297
16 6905 18832 13073 1148
17 6889 18769 13087 1201
18 6890 18713 13096 1269
19 6800 18740 13188 1244
20 6913 18748 13073 1232
21 6785 18771 13197 1211
22 6782 18755 13192 1239
23 6876 18751 13102 1229
24 6890 18730 13084 1252
25 6912 18725 13072 1261
26 6884 18716 13106 1260
27 6818 18817 13170 1163
28 6829 18735 13143 1243
29 6774 18833 13214 1155
30 6941 18783 13041 1201
31 6847 18767 13127 1211
32 6897 18724 13079 1262
33 6915 18675 13055 1305
34 6899 18704 13083 1266
35 6794 18784 13180 1190
36 6852 18720 13126 1252
37 6833 18813 13133 1159
38 6840 18788 13148 1190
39 6855 18718 13127 1262
40 6804 18723 13162 1251
41 6940 18728 13048 1262
42 6889 18705 13085 1265
43 6773 18791 13217 1187
44 6872 18723 13106 1263
45 6907 18739 13067 1235
46 6859 18770 13119 1222
47 6779 18812 13197 1162
48 6902 18689 13068 1291
49 6880 18784 13104 1182
50 6842 18784 13140 1196
51 6953 18791 13021 1195
52 6907 18734 13077 1230
53 6823 18787 13151 1199
54 6828 18696 13154 1292
55 6834 18764 13136 1208
56 6925 18775 13055 1205
57 6840 18704 13138 1266
58 6821 18774 13165 1206
59 7017 18703 12957 1277
60 6827 18750 13141 1226
61 6787 18783 13193 1191
62 6873 18733 13109 1247
63 6968 18601 13020 1367
64 6900 18801 13082 1177
65 6855 18790 13135 1196
66 6913 18797 13067 1195
67 6951 18772 13027 1220
68 6945 18735 13017 1251
69 6797 18795 13179 1169
70 6835 18734 13135 1234
71 6921 18868 13063 1118
72 6964 18767 13006 1205
73 6932 18710 13046 1256
74 6827 18724 13149 1252
75 6776 18761 13210 1215
76 6806 18780 13182 1198
77 6827 18883 13157 1107
78 7003 18739 12981 1247
79 6824 18680 13154 1306
80 6789 18711 13191 1259
81 6927 18729 13059 1259
82 6807 18769 13169 1217
83 6874 18822 13108 1158
84 6846 18758 13136 1224
85 6913 18751 13063 1223
86 6772 18814 13216 1166
87 6810 18773 13168 1207
88 6842 18767 13142 1213
89 6941 18726 13031 1254
90 6859 18698 13107 1284
91 6895 18718 13091 1254
92 6841 18828 13139 1164
93 6836 18746 13144 1222
94 6944 18709 13028 1269
95 6898 18735 13076 1247
96 6912 18731 13070 1241
97 6932 18745 13042 1237
98 6960 18697 13024 1281
99 6888 18710 13092 1268
100 6824 18754 13146 1228
