1 10000 0 6666
2 10000 0 13330
3 10000 0 19994
4 10000 1 26659
5 10000 7 33317
6 10000 31 39957
7 10000 115 46539
8 10000 327 52987
9 10000 791 59187
10 10000 1530 65112
11 10000 2638 70660
12 10000 4247 75707
13 10000 6459 80157
14 10000 9156 84116
15 10000 12514 87422
16 10000 12491 87453
17 10000 12470 87476
18 10000 12479 87467
19 10000 12504 87446
20 10000 12524 87424
21 10000 12452 87494
22 10000 12491 87451
23 10000 12489 87455
24 10000 12421 87523
25 10000 12451 87497
26 10000 12553 87405
27 10000 12534 87420
28 10000 12481 87483
29 10000 12529 87433
30 10000 12489 87469
31 10000 12489 87463
32 10000 12490 87460
33 10000 12505 87441
34 10000 12504 87436
35 10000 12510 87420
36 10000 12418 87514
37 10000 12426 87512
38 10000 12496 87434
39 10000 12395 87537
40 10000 12472 87466
41 10000 12457 87485
42 10000 12453 87491
43 10000 12433 87511
44 10000 12373 87577
45 10000 12376 87580
46 10000 12317 87643
47 10000 12374 87590
48 10000 12398 87568
49 10000 12381 87583
50 10000 12418 87542
51 10000 12341 87613
52 10000 12301 87657
53 10000 12309 87651
54 10000 12307 87653
55 10000 12322 87634
56 10000 12386 87568
57 10000 12318 87638
58 10000 12323 87633
59 10000 12399 87557
60 10000 12412 87546
61 10000 12446 87510
62 10000 12513 87441
63 10000 12467 87483
64 10000 12438 87508
65 10000 12471 87477
66 10000 12412 87534
67 10000 12484 87468
68 10000 12485 87469
69 10000 12516 87434
70 10000 12555 87397
71 10000 12423 87521
72 10000 12405 87541
73 10000 12370 87580
74 10000 12408 87538
75 10000 12425 87525
76 10000 12428 87522
77 10000 12444 87498
78 10000 12415 87537
79 10000 12377 87575
80 10000 12409 87539
81 10000 12414 87526
82 10000 12406 87532
83 10000 12502 87438
84 10000 12501 87439
85 10000 12436 87492
86 10000 12543 87385
87 10000 12581 87349
88 10000 12577 87353
89 10000 12530 87406
90 10000 12492 87450
91 10000 12481 87463
92 10000 12561 87387
93 10000 12494 87452
94 10000 12510 87438
95 10000 12421 87527
96 10000 12465 87487
97 10000 12453 87503
98 10000 12451 87509
99 10000 12462 87498
100 10000 12468 87486
