1 6666 0 0 0
2 6664 0 0 0
3 6664 0 0 0
4 6665 0 1 0
5 6658 0 6 0
6 6640 0 24 0
7 6582 0 84 0
8 6448 0 212 0
9 6200 0 464 0
10 5925 0 739 0
11 5548 0 1108 0
12 5047 0 1609 0
13 4450 0 2212 0
14 3959 0 2697 0
15 3306 0 3358 0
16 2872 6656 3792 0
17 2801 6658 3859 0
18 2812 6658 3846 0
19 2763 6660 3901 0
20 2789 6654 3867 4
21 2803 6647 3855 13
22 2746 6632 3914 32
23 2728 6579 3934 81
24 2806 6458 3852 200
25 2811 6388 3849 268
26 2777 6307 3885 345
27 2863 6211 3795 451
28 2827 6114 3839 542
29 2770 6165 3890 497
30 2820 6201 3840 463
31 2759 6374 3895 286
32 2758 6350 3900 310
33 2699 6350 3959 312
34 2771 6324 3887 340
35 2768 6288 3886 376
36 2828 6259 3830 397
37 2760 6331 3902 325
38 2735 6294 3921 370
39 2873 6307 3789 353
40 2728 6306 3934 350
41 2804 6269 3858 389
42 2765 6298 3895 360
43 2812 6295 3852 369
44 2805 6289 3857 367
45 2799 6299 3865 359
46 2861 6293 3803 367
47 2784 6307 3874 347
48 2807 6239 3857 423
49 2824 6291 3834 369
50 2799 6301 3861 363
51 2835 6306 3819 354
52 2850 6302 3816 360
53 2790 6275 3872 385
54 2819 6327 3843 335
55 2801 6285 3857 377
56 2722 6260 3938 402
57 2816 6290 3846 370
58 2779 6315 3881 345
59 2791 6311 3869 349
60 2752 6273 3910 387
61 2732 6292 3928 370
62 2747 6257 3915 407
63 2819 6308 3841 356
64 2795 6280 3865 384
65 2836 6308 3824 350
66 2802 6303 3854 355
67 2786 6311 3878 347
68 2795 6290 3867 370
69 2760 6299 3900 365
70 2789 6304 3875 358
71 2825 6280 3831 384
72 2804 6304 3858 356
73 2823 6282 3837 374
74 2786 6279 3874 385
75 2746 6290 3916 368
76 2783 6298 3879 364
77 2762 6294 3896 372
78 2779 6253 3887 403
79 2774 6275 3888 387
80 2753 6282 3901 376
81 2757 6296 3899 368
82 2704 6273 3956 389
83 2698 6303 3962 355
84 2778 6322 3874 330
85 2775 6315 3875 347
86 2737 6299 3919 357
87 2705 6341 3957 319
88 2753 6314 3907 346
89 2865 6257 3793 395
90 2826 6301 3836 355
91 2806 6261 3856 399
92 2765 6308 3899 352
93 2800 6278 3862 386
94 2753 6306 3909 354
95 2851 6272 3809 388
96 2700 6263 3962 395
97 2747 6240 3915 418
98 2755 6268 3909 392
99 2764 6293 3894 365
100 2795 6302 3861 360
