1 10000 0 80000
2 10000 0 143964
3 10000 0 207886
4 10000 0 271784
5 10000 0 335616
6 10000 0 399428
7 10000 0 463174
8 10000 8 526904
9 10000 155 590463
10 10000 1501 652787
11 10000 1368 651468
12 10000 1384 651432
13 10000 1335 651377
14 10000 1278 651324
15 10000 1321 651381
16 10000 1214 651402
17 10000 1240 651314
18 10000 1228 651366
19 10000 1268 651352
20 10000 1340 651222
21 10000 1342 651240
22 10000 1331 651235
23 10000 1331 651201
24 10000 1262 651250
25 10000 1285 651303
26 10000 1318 651194
27 10000 1241 651243
28 10000 1276 651232
29 10000 1324 651244
30 10000 1368 651244
31 10000 1350 651254
32 10000 1390 651114
33 10000 1308 651328
34 10000 1289 651367
35 10000 1262 651402
36 10000 1408 651244
37 10000 1365 651281
38 10000 1314 651244
39 10000 1296 651280
40 10000 1306 651186
41 10000 1270 651336
42 10000 1222 651406
43 10000 1252 651420
44 10000 1244 651428
45 10000 1349 651395
46 10000 1474 651196
47 10000 1531 651157
48 10000 1483 651051
49 10000 1401 651151
50 10000 1399 651139
51 10000 1292 651384
52 10000 1199 651313
53 10000 1168 651284
54 10000 1333 651205
55 10000 1282 651238
56 10000 1273 651303
57 10000 1194 651410
58 10000 1261 651311
59 10000 1263 651361
60 10000 1300 651336
61 10000 1298 651402
62 10000 1282 651372
63 10000 1272 651270
64 10000 1311 651205
65 10000 1345 651241
66 10000 1252 651254
67 10000 1243 651217
68 10000 1214 651278
69 10000 1209 651333
70 10000 1248 651416
71 10000 1342 651338
72 10000 1305 651443
73 10000 1317 651413
74 10000 1314 651382
75 10000 1253 651463
76 10000 1265 651357
77 10000 1162 651470
78 10000 1137 651573
79 10000 1178 651572
80 10000 1299 651407
81 10000 1345 651297
82 10000 1294 651342
83 10000 1262 651420
84 10000 1374 651298
85 10000 1320 651382
86 10000 1274 651328
87 10000 1340 651288
88 10000 1358 651328
89 10000 1407 651279
90 10000 1501 651121
91 10000 1357 651219
92 10000 1303 651385
93 10000 1343 651389
94 10000 1253 651401
95 10000 1302 651322
96 10000 1381 651299
97 10000 1388 651272
98 10000 1372 651248
99 10000 1260 651236
100 10000 1279 651321
