1 80000 0 0 0
2 63964 0 0 0
3 63922 0 0 0
4 63898 0 0 0
5 63832 0 0 0
6 63812 0 0 0
7 63746 0 0 0
8 63730 0 8 0
9 63559 0 147 0
10 62324 0 1346 0
11 56959 65068 6657 0
12 57141 63586 6425 0
13 57254 63652 6294 0
14 57237 63678 6331 0
15 57372 63510 6238 0
16 57387 63666 6193 0
17 57303 63658 6293 0
18 57279 63508 6269 0
19 57285 63562 6307 4
20 57415 63685 6217 5
21 57232 63516 6306 2
22 57231 63575 6345 17
23 57222 63617 6366 5
24 57314 63590 6260 4
25 57521 63503 6067 9
26 57534 63628 6020 2
27 57381 63639 6231 1
28 57335 63544 6241 8
29 57203 63537 6403 9
30 57283 63586 6347 0
31 57238 63605 6362 3
32 57274 63683 6310 1
33 57446 63467 6158 5
34 57373 63612 6265 6
35 57317 63581 6273 1
36 57381 63622 6237 8
37 57400 63582 6190 14
38 57424 63658 6160 14
39 57325 63508 6211 10
40 57254 63642 6306 2
41 57316 63482 6284 4
42 57481 63553 6101 7
43 57363 63565 6255 9
44 57327 63606 6281 2
45 57478 63542 6140 4
46 57374 63700 6252 0
47 57257 63539 6301 1
48 57330 63726 6248 6
49 57428 63524 6124 10
50 57377 63568 6181 4
51 57518 63490 6114 4
52 57372 63711 6180 5
53 57400 63636 6186 10
54 57430 63529 6192 7
55 57508 63641 6120 5
56 57492 63508 6086 14
57 57581 63569 6023 7
58 57404 63606 6174 4
59 57362 63524 6214 0
60 57433 63581 6161 1
61 57205 63503 6365 3
62 57245 63617 6329 3
63 57294 63696 6292 2
64 57361 63604 6227 10
65 57306 63531 6300 5
66 57563 63662 6023 4
67 57499 63657 6117 5
68 57516 63580 6100 4
69 57554 63518 6022 8
70 57572 63490 6046 6
71 57365 63625 6279 3
72 57390 63544 6224 2
73 57456 63611 6140 3
74 57340 63643 6272 3
75 57499 63551 6079 7
76 57370 63670 6216 10
77 57439 63570 6155 14
78 57334 63589 6336 3
79 57249 63552 6351 8
80 57350 63590 6202 6
81 57418 63663 6188 7
82 57395 63601 6211 11
83 57313 63544 6279 2
84 57264 63584 6314 4
85 57423 63594 6203 2
86 57360 63666 6214 8
87 57315 63594 6313 8
88 57304 63532 6298 12
89 57078 63543 6474 9
90 57114 63612 6440 6
91 57363 63659 6251 1
92 57222 63502 6392 0
93 57285 63557 6319 3
94 57169 63637 6403 13
95 57128 63612 6460 6
96 57281 63599 6385 11
97 57150 63607 6446 9
98 57214 63618 6370 6
99 57339 63745 6287 5
100 57136 63492 6462 2
