1 10000 0 5000
2 10000 12 9988
3 10000 44 14956
4 10000 219 19781
5 10000 633 24365
6 10000 1386 28608
7 10000 2564 32430
8 10000 4140 35854
9 10000 6254 38740
10 10000 8801 41187
11 10000 8778 41212
12 10000 8744 41246
13 10000 8791 41199
14 10000 8771 41221
15 10000 8717 41275
16 10000 8738 41252
17 10000 8803 41179
18 10000 8821 41163
19 10000 8808 41176
20 10000 8908 41076
21 10000 8926 41060
22 10000 8978 41006
23 10000 8933 41053
24 10000 8853 41135
25 10000 8831 41161
26 10000 8824 41172
27 10000 8757 41239
28 10000 8753 41241
29 10000 8682 41310
30 10000 8626 41368
31 10000 8687 41307
32 10000 8606 41386
33 10000 8660 41332
34 10000 8755 41235
35 10000 8669 41319
36 10000 8681 41313
37 10000 8639 41353
38 10000 8660 41328
39 10000 8679 41311
40 10000 8683 41305
41 10000 8703 41289
42 10000 8682 41306
43 10000 8662 41326
44 10000 8700 41290
45 10000 8656 41332
46 10000 8646 41342
47 10000 8658 41334
48 10000 8702 41292
49 10000 8679 41315
50 10000 8681 41313
51 10000 8682 41312
52 10000 8796 41198
53 10000 8790 41208
54 10000 8839 41155
55 10000 8843 41151
56 10000 8743 41247
57 10000 8710 41280
58 10000 8727 41265
59 10000 8766 41224
60 10000 8766 41222
61 10000 8681 41307
62 10000 8760 41224
63 10000 8748 41234
64 10000 8753 41235
65 10000 8768 41222
66 10000 8696 41294
67 10000 8687 41301
68 10000 8687 41303
69 10000 8700 41294
70 10000 8777 41219
71 10000 8805 41193
72 10000 8806 41192
73 10000 8687 41311
74 10000 8699 41295
75 10000 8682 41312
76 10000 8728 41264
77 10000 8813 41179
78 10000 8832 41160
79 10000 8834 41156
80 10000 8789 41205
81 10000 8699 41295
82 10000 8731 41259
83 10000 8759 41225
84 10000 8807 41179
85 10000 8836 41150
86 10000 8833 41153
87 10000 8875 41115
88 10000 8846 41142
89 10000 8755 41229
90 10000 8804 41182
91 10000 8791 41199
92 10000 8787 41203
93 10000 8751 41235
94 10000 8775 41213
95 10000 8694 41290
96 10000 8685 41305
97 10000 8672 41318
98 10000 8696 41300
99 10000 8748 41246
100 10000 8722 41272
