1 5000 0 0 0
2 4988 0 12 0
3 4968 0 32 0
4 4825 0 175 0
5 4584 0 414 0
6 4243 0 753 0
7 3822 0 1178 0
8 3424 0 1576 0
9 2886 0 2114 0
10 2447 0 2547 0
11 2005 4996 2993 0
12 2002 4989 2994 7
13 1978 4984 3020 14
14 1991 4917 3009 81
15 2016 4800 2984 200
16 1994 4656 3002 342
17 2012 4593 2980 407
18 2003 4497 2995 499
19 1973 4442 3021 552
20 1926 4528 3074 472
21 1976 4636 3022 360
22 1960 4603 3038 397
23 1994 4611 3006 387
24 2074 4574 2924 422
25 2012 4565 2986 429
26 2008 4574 2990 420
27 2058 4546 2940 452
28 1971 4546 3027 454
29 2045 4564 2953 436
30 2011 4564 2989 434
31 1956 4594 3044 406
32 2049 4585 2945 411
33 1946 4589 3054 411
34 1957 4626 3041 374
35 2039 4608 2957 390
36 1990 4595 3010 399
37 2027 4594 2971 406
38 1982 4580 3012 418
39 1979 4589 3021 409
40 1986 4559 3012 441
41 2016 4596 2984 400
42 1995 4606 3001 394
43 2007 4586 2991 412
44 1941 4563 3059 435
45 2021 4628 2977 372
46 1993 4578 3007 422
47 2000 4598 2998 396
48 2007 4609 2991 387
49 2046 4561 2954 439
50 1950 4564 3050 436
51 1997 4609 3003 391
52 1956 4617 3042 381
53 2017 4574 2983 422
54 2009 4581 2987 419
55 2022 4595 2978 405
56 2063 4577 2931 421
57 2027 4571 2973 429
58 1981 4594 3019 404
59 1955 4610 3043 390
60 1989 4595 3007 403
61 2077 4571 2923 429
62 2000 4574 2996 426
63 2022 4556 2972 440
64 1971 4584 3027 408
65 2006 4576 2994 422
66 1998 4571 2998 425
67 1992 4602 3004 396
68 2000 4571 2998 425
69 1974 4554 3026 442
70 1940 4601 3060 397
71 1970 4581 3028 415
72 1982 4569 3018 431
73 2054 4578 2946 422
74 1993 4581 3003 419
75 2011 4608 2987 390
76 1970 4600 3028 400
77 1950 4614 3050 386
78 1971 4575 3029 425
79 1956 4543 3042 457
80 2008 4563 2992 433
81 2036 4571 2964 429
82 1913 4580 3081 418
83 1986 4617 3006 381
84 1970 4587 3028 409
85 1988 4576 3010 422
86 1975 4558 3023 440
87 1940 4540 3054 450
88 2017 4569 2979 429
89 2062 4589 2934 411
90 1988 4624 3010 372
91 1996 4551 3002 443
92 2046 4576 2952 422
93 2009 4537 2987 463
94 2013 4569 2987 429
95 2054 4563 2942 437
96 1987 4550 3011 442
97 1970 4580 3030 420
98 1997 4588 3003 406
99 1990 4639 3008 361
100 2022 4558 2974 438
