1 10000 0 5000
2 10000 0 9998
3 10000 0 14998
4 10000 0 19998
5 10000 1 24995
6 10000 2 29994
7 10000 7 34987
8 10000 26 39964
9 10000 103 44885
10 10000 219 49765
11 10000 419 54563
12 10000 769 59211
13 10000 1308 63672
14 10000 2053 67923
15 10000 3023 71951
16 10000 4297 75673
17 10000 5931 79039
18 10000 7906 82060
19 10000 10089 84869
20 10000 12573 87381
21 10000 12455 87501
22 10000 12413 87539
23 10000 12357 87601
24 10000 12342 87616
25 10000 12384 87572
26 10000 12354 87594
27 10000 12417 87527
28 10000 12382 87564
29 10000 12355 87575
30 10000 12450 87476
31 10000 12480 87442
32 10000 12386 87536
33 10000 12371 87549
34 10000 12338 87580
35 10000 12322 87600
36 10000 12321 87611
37 10000 12373 87569
38 10000 12366 87578
39 10000 12394 87548
40 10000 12366 87580
41 10000 12284 87674
42 10000 12409 87553
43 10000 12328 87632
44 10000 12335 87621
45 10000 12409 87549
46 10000 12400 87564
47 10000 12324 87646
48 10000 12347 87625
49 10000 12391 87581
50 10000 12445 87529
51 10000 12438 87532
52 10000 12432 87534
53 10000 12454 87500
54 10000 12472 87484
55 10000 12455 87497
56 10000 12413 87539
57 10000 12384 87558
58 10000 12381 87555
59 10000 12314 87622
60 10000 12382 87552
61 10000 12433 87507
62 10000 12434 87510
63 10000 12532 87420
64 10000 12460 87498
65 10000 12408 87554
66 10000 12447 87517
67 10000 12465 87497
68 10000 12520 87444
69 10000 12513 87453
70 10000 12417 87543
71 10000 12503 87455
72 10000 12556 87402
73 10000 12526 87424
74 10000 12602 87344
75 10000 12564 87380
76 10000 12572 87372
77 10000 12566 87372
78 10000 12600 87340
79 10000 12611 87339
80 10000 12625 87327
81 10000 12621 87329
82 10000 12568 87384
83 10000 12519 87415
84 10000 12573 87367
85 10000 12628 87310
86 10000 12616 87324
87 10000 12605 87333
88 10000 12583 87355
89 10000 12616 87328
90 10000 12584 87358
91 10000 12540 87400
92 10000 12605 87331
93 10000 12610 87332
94 10000 12616 87330
95 10000 12634 87314
96 10000 12654 87290
97 10000 12695 87245
98 10000 12710 87228
99 10000 12676 87262
100 10000 12644 87296
