1 5000 0 0 0
2 4998 0 0 0
3 5000 0 0 0
4 5000 0 0 0
5 4997 0 1 0
6 4999 0 1 0
7 4993 0 5 0
8 4977 0 19 0
9 4921 0 77 0
10 4880 0 116 0
11 4798 0 200 0
12 4648 0 350 0
13 4461 0 539 0
14 4251 0 745 0
15 4028 0 970 0
16 3722 0 1274 0
17 3366 0 1634 0
18 3021 0 1975 0
19 2809 0 2183 0
20 2512 0 2484 0
21 2157 4992 2837 0
22 2123 4998 2871 0
23 2164 4994 2836 0
24 2175 4994 2819 0
25 2098 4994 2894 0
26 2149 4997 2841 1
27 2061 4996 2933 2
28 2171 4986 2827 10
29 2146 4962 2834 34
30 2098 4944 2894 52
31 2139 4911 2853 85
32 2215 4846 2779 148
33 2104 4781 2892 217
34 2132 4728 2866 272
35 2130 4690 2866 302
36 2107 4660 2893 330
37 2111 4598 2885 388
38 2142 4593 2856 403
39 2116 4662 2874 330
40 2153 4726 2843 266
41 2199 4745 2801 243
42 2056 4797 2940 195
43 2215 4761 2781 237
44 2148 4745 2846 253
45 2124 4749 2870 243
46 2166 4739 2828 249
47 2150 4742 2848 250
48 2149 4749 2845 243
49 2081 4730 2917 268
50 2121 4732 2879 266
51 2182 4738 2812 260
52 2181 4710 2813 288
53 2154 4675 2832 323
54 2156 4686 2840 308
55 2159 4726 2837 274
56 2131 4697 2865 299
57 2110 4722 2878 276
58 2134 4725 2858 273
59 2167 4751 2829 245
60 2095 4737 2901 261
61 2137 4756 2861 236
62 2115 4732 2881 260
63 2117 4737 2873 245
64 2219 4706 2779 286
65 2205 4720 2795 276
66 2094 4735 2902 259
67 2090 4725 2902 269
68 2129 4736 2867 258
69 2144 4725 2850 267
70 2147 4699 2847 301
71 2085 4737 2911 261
72 2112 4708 2882 286
73 2142 4713 2846 283
74 2061 4700 2935 300
75 2101 4701 2895 297
76 2093 4712 2905 286
77 2059 4703 2929 291
78 2093 4725 2905 271
79 2112 4724 2884 262
80 2126 4750 2874 248
81 2143 4713 2851 283
82 2165 4741 2831 253
83 2160 4713 2822 287
84 2143 4725 2851 263
85 2109 4731 2883 263
86 2159 4725 2833 265
87 2151 4708 2837 282
88 2156 4706 2842 292
89 2090 4715 2904 273
90 2138 4718 2858 280
91 2152 4672 2844 326
92 2162 4725 2834 275
93 2128 4688 2870 304
94 2135 4685 2859 305
95 2165 4738 2835 260
96 2118 4699 2876 299
97 2098 4745 2896 253
98 2126 4707 2872 293
99 2117 4739 2881 259
100 2203 4740 2793 254
