1 10000 0 50000
2 10000 0 84984
3 10000 0 119962
4 10000 0 154922
5 10000 0 189880
6 10000 0 224796
7 10000 0 259720
8 10000 3 294617
9 10000 55 329475
10 10000 365 364077
11 10000 312 362030
12 10000 331 361897
13 10000 332 361862
14 10000 353 361865
15 10000 376 361878
16 10000 349 361877
17 10000 341 361891
18 10000 344 361948
19 10000 361 361955
20 10000 325 361937
21 10000 342 362020
22 10000 333 362089
23 10000 414 361920
24 10000 407 361827
25 10000 380 361868
26 10000 408 361842
27 10000 348 361962
28 10000 344 361912
29 10000 282 362020
30 10000 274 362058
31 10000 280 362062
32 10000 324 362006
33 10000 328 361978
34 10000 354 361808
35 10000 383 361773
36 10000 399 361883
37 10000 373 361921
38 10000 375 361911
39 10000 415 361849
40 10000 406 361788
41 10000 343 361899
42 10000 381 361765
43 10000 377 361859
44 10000 382 361872
45 10000 346 361878
46 10000 337 361769
47 10000 331 361925
48 10000 343 361853
49 10000 354 361908
50 10000 366 361884
51 10000 399 361815
52 10000 436 361754
53 10000 344 361966
54 10000 379 361841
55 10000 361 361773
56 10000 330 361852
57 10000 293 362029
58 10000 321 361897
59 10000 390 361930
60 10000 352 361890
61 10000 347 361919
62 10000 354 361906
63 10000 378 361870
64 10000 399 361911
65 10000 395 361823
66 10000 380 361874
67 10000 387 361955
68 10000 378 361998
69 10000 390 361836
70 10000 330 361974
71 10000 349 361853
72 10000 343 361941
73 10000 353 361829
74 10000 355 361869
75 10000 374 361792
76 10000 345 361861
77 10000 310 361778
78 10000 330 361926
79 10000 311 362005
80 10000 319 361939
81 10000 269 361955
82 10000 290 361930
83 10000 343 361943
84 10000 345 361943
85 10000 326 361936
86 10000 338 361950
87 10000 334 361940
88 10000 377 361855
89 10000 374 361922
90 10000 372 361954
91 10000 355 361835
92 10000 332 361942
93 10000 336 361840
94 10000 342 361908
95 10000 354 361944
96 10000 365 361825
97 10000 405 361829
98 10000 336 361928
99 10000 372 361834
100 10000 327 361869
