1 50000 0 0 0
2 34984 0 0 0
3 34978 0 0 0
4 34960 0 0 0
5 34958 0 0 0
6 34916 0 0 0
7 34924 0 0 0
8 34897 0 3 0
9 34858 0 52 0
10 34602 0 310 0
11 33397 36958 1461 0
12 33560 34994 1320 0
13 33539 34918 1345 0
14 33532 34836 1328 0
15 33568 34862 1330 0
16 33597 34896 1271 0
17 33581 34864 1289 0
18 33669 34830 1221 0
19 33605 34854 1273 0
20 33628 34939 1258 1
21 33556 34770 1316 2
22 33663 34832 1229 0
23 33616 35001 1298 1
24 33656 34972 1218 2
25 33628 34864 1250 0
26 33462 34872 1414 2
27 33540 34834 1356 2
28 33606 34954 1294 0
29 33684 34836 1198 0
30 33680 34854 1204 0
31 33640 34872 1244 2
32 33549 34886 1325 0
33 33691 34906 1191 0
34 33660 35021 1218 1
35 33597 34875 1273 1
36 33547 34766 1345 0
37 33538 34862 1338 2
38 33552 34898 1338 0
39 33537 34902 1345 2
40 33629 34944 1245 0
41 33728 34846 1166 0
42 33596 34963 1272 1
43 33644 34761 1210 3
44 33625 34859 1253 1
45 33638 34914 1246 0
46 33642 34990 1230 0
47 33577 34733 1307 1
48 33605 34966 1301 0
49 33625 34793 1235 1
50 33583 34880 1285 0
51 33561 34896 1299 0
52 33473 34914 1417 0
53 33549 34770 1341 0
54 33545 34986 1351 0
55 33563 34966 1317 0
56 33699 34818 1167 0
57 33645 34750 1245 0
58 33621 35006 1281 0
59 33559 34786 1329 0
60 33603 34970 1289 0
61 33656 34854 1222 0
62 33611 34850 1233 0
63 33569 34859 1279 1
64 33617 34824 1269 0
65 33511 34980 1381 4
66 33594 34857 1302 3
67 33640 34811 1260 1
68 33512 34849 1372 1
69 33525 35006 1333 2
70 33582 34809 1310 5
71 33507 34978 1369 0
72 33513 34768 1337 0
73 33520 34940 1320 2
74 33551 34813 1305 1
75 33570 34958 1332 2
76 33586 34807 1262 1
77 33601 34993 1275 1
78 33686 34724 1206 0
79 33685 34846 1221 0
80 33707 34928 1163 0
81 33644 34904 1226 0
82 33695 34887 1189 1
83 33622 34822 1268 2
84 33595 34890 1299 2
85 33613 34916 1277 0
86 33562 34845 1310 1
87 33650 34898 1234 0
88 33547 34908 1319 0
89 33574 34814 1304 0
90 33588 34868 1310 0
91 33500 35004 1368 0
92 33551 34798 1331 0
93 33563 34952 1291 0
94 33627 34814 1261 0
95 33466 34792 1374 0
96 33631 34977 1239 1
97 33603 34846 1287 0
98 33606 34850 1274 0
99 33583 34938 1297 0
100 33684 34892 1198 0
