1 10000 0 150000
2 10000 0 239918
3 10000 0 329722
4 10000 0 419478
5 10000 0 509108
6 10000 0 598728
7 10000 0 688276
8 10000 0 777744
9 10000 0 867096
10 10000 0 956338
11 10000 0 945760
12 10000 0 944632
13 10000 0 944278
14 10000 0 944384
15 10000 0 944170
16 10000 0 944478
17 10000 0 944450
18 10000 0 944348
19 10000 0 944472
20 10000 0 944336
21 10000 0 944250
22 10000 0 944252
23 10000 0 944434
24 10000 0 944264
25 10000 0 944270
26 10000 0 944088
27 10000 0 944124
28 10000 0 944052
29 10000 0 944372
30 10000 0 944304
31 10000 0 944402
32 10000 0 944204
33 10000 0 944242
34 10000 0 944094
35 10000 0 944318
36 10000 0 944436
37 10000 0 944222
38 10000 0 944134
39 10000 0 944244
40 10000 0 944300
41 10000 0 944460
42 10000 0 944370
43 10000 0 944530
44 10000 0 944542
45 10000 0 944364
46 10000 0 944346
47 10000 0 944352
48 10000 0 944258
49 10000 0 944484
50 10000 0 944264
51 10000 0 944602
52 10000 0 944350
53 10000 0 944382
54 10000 0 944290
55 10000 0 944476
56 10000 0 944514
57 10000 0 944522
58 10000 0 944602
59 10000 0 944578
60 10000 0 944476
61 10000 0 944468
62 10000 0 944518
63 10000 0 944470
64 10000 0 944768
65 10000 0 944562
66 10000 0 944456
67 10000 0 944550
68 10000 0 944620
69 10000 0 944314
70 10000 0 944334
71 10000 0 944522
72 10000 0 944298
73 10000 0 944284
74 10000 0 944230
75 10000 0 944262
76 10000 0 944322
77 10000 0 944262
78 10000 0 944394
79 10000 0 944578
80 10000 0 944374
81 10000 0 944514
82 10000 0 944418
83 10000 0 944320
84 10000 0 944250
85 10000 0 944290
86 10000 0 944044
87 10000 0 944204
88 10000 0 944284
89 10000 0 944070
90 10000 0 944214
91 10000 0 944078
92 10000 0 944022
93 10000 0 944306
94 10000 0 944250
95 10000 0 944334
96 10000 0 944264
97 10000 0 944376
98 10000 0 944294
99 10000 0 944418
100 10000 0 944426
