1 150000 0 0 0
2 89918 0 0 0
3 89804 0 0 0
4 89756 0 0 0
5 89630 0 0 0
6 89620 0 0 0
7 89548 0 0 0
8 89468 0 0 0
9 89352 0 0 0
10 89242 0 0 0
11 89202 99780 0 0
12 89222 90350 0 0
13 89138 89492 0 0
14 89222 89118 2 0
15 89165 89386 7 0
16 89234 88928 2 0
17 89169 89198 1 0
18 89170 89274 2 0
19 89228 89104 0 0
20 89128 89264 0 0
21 89180 89266 0 0
22 89178 89176 0 0
23 89160 88978 0 0
24 89212 89382 0 0
25 89158 89152 0 0
26 89174 89356 0 0
27 89134 89098 0 0
28 89184 89256 0 0
29 89252 88932 0 0
30 89218 89286 0 0
31 89217 89124 5 0
32 89208 89412 6 0
33 89173 89136 1 0
34 89190 89338 0 0
35 89218 88994 0 0
36 89130 89012 0 0
37 89198 89412 0 0
38 89194 89282 0 0
39 89162 89052 0 0
40 89228 89172 0 0
41 89182 89022 0 0
42 89212 89302 0 0
43 89226 89066 0 0
44 89216 89204 0 0
45 89118 89296 0 0
46 89089 89108 1 0
47 89163 89158 1 0
48 89232 89326 0 0
49 89262 89036 0 0
50 89212 89432 0 0
51 89210 88872 0 0
52 89072 89324 0 0
53 89232 89200 0 0
54 89222 89314 0 0
55 89232 89046 0 0
56 89266 89228 0 0
57 89240 89232 0 0
58 89188 89108 0 0
59 89146 89170 0 0
60 89204 89306 0 0
61 89252 89260 0 0
62 89162 89112 0 0
63 89180 89228 0 0
64 89214 88916 0 0
65 89176 89382 0 0
66 89252 89358 0 0
67 89226 89132 0 0
68 89180 89110 0 0
69 89184 89490 0 0
70 89152 89132 0 0
71 89190 89002 0 0
72 89064 89288 0 0
73 89158 89172 0 0
74 89262 89316 0 0
75 89244 89212 0 0
76 89252 89192 0 0
77 89236 89296 0 0
78 89174 89042 0 0
79 89250 89066 0 0
80 89152 89356 0 0
81 89234 89094 0 0
82 89174 89270 0 0
83 89128 89226 0 0
84 89186 89256 0 0
85 89198 89158 0 0
86 89182 89428 0 0
87 89156 88996 0 0
88 89202 89122 0 0
89 89174 89388 0 0
90 89230 89086 0 0
91 89164 89300 0 0
92 89138 89194 0 0
93 89254 88970 0 0
94 89118 89174 0 0
95 89156 89072 0 0
96 89178 89248 0 0
97 89282 89170 0 0
98 89210 89292 0 0
99 89198 89074 0 0
100 89142 89134 0 0
